0.00 0.00 0.00 0.52 1.05 0.52 0.00 0.00 0.00 0.52 1.05 0.52 0.00 0.00 0.00 0.39 1.05 0.00 0.00 0.39 1.05 1.05
0.00 -0.00 0.02 0.52 1.05 0.52 -0.02 0.00 -0.02 0.52 1.05 0.52 -0.02 0.00 0.00 0.39 1.05 0.00 0.00 0.39 1.05 1.05
-0.00 -0.00 0.03 0.52 1.04 0.52 -0.03 -0.00 -0.03 0.52 1.04 0.52 -0.03 0.00 0.00 0.39 1.05 0.00 0.00 0.39 1.05 1.05
-0.00 -0.00 0.05 0.52 1.04 0.52 -0.05 0.00 -0.05 0.52 1.04 0.52 -0.05 0.00 0.00 0.39 1.05 0.00 0.00 0.39 1.05 1.05
0.00 -0.00 0.06 0.53 1.06 0.53 -0.06 -0.00 -0.06 0.52 1.04 0.52 -0.06 0.00 0.00 0.39 1.05 0.00 0.00 0.39 1.05 1.05
0.00 -0.00 0.07 0.58 1.15 0.58 -0.07 -0.00 -0.07 0.51 1.03 0.51 -0.07 0.00 0.00 0.39 1.05 0.00 0.00 0.39 1.05 1.05
0.00 -0.00 0.08 0.61 1.23 0.61 -0.08 -0.00 -0.08 0.51 1.02 0.51 -0.08 0.00 0.00 0.39 1.05 0.00 0.00 0.39 1.05 1.05
0.00 -0.00 0.09 0.65 1.30 0.65 -0.09 -0.00 -0.09 0.51 1.02 0.51 -0.09 0.00 0.00 0.39 1.05 0.00 0.00 0.39 1.05 1.05
0.00 -0.00 0.10 0.68 1.36 0.68 -0.10 -0.00 -0.10 0.51 1.01 0.51 -0.10 0.00 0.00 0.39 1.05 0.00 0.00 0.39 1.05 1.05
0.00 -0.00 0.11 0.71 1.41 0.71 -0.11 -0.00 -0.10 0.50 1.01 0.50 -0.10 0.00 0.00 0.39 1.05 0.00 0.00 0.39 1.05 1.05
0.00 -0.00 0.12 0.73 1.47 0.73 -0.12 -0.00 -0.11 0.50 1.00 0.50 -0.11 0.00 0.00 0.39 1.05 0.00 0.00 0.39 1.05 1.05
0.00 -0.00 0.13 0.76 1.51 0.76 -0.13 -0.00 -0.11 0.50 1.00 0.50 -0.11 0.00 0.00 0.39 1.05 0.00 0.00 0.39 1.05 1.05
0.00 -0.00 0.13 0.78 1.56 0.78 -0.13 -0.00 -0.12 0.50 1.00 0.50 -0.12 0.00 0.00 0.39 1.05 0.00 0.00 0.39 1.05 1.05
0.00 -0.00 0.14 0.80 1.60 0.80 -0.14 -0.00 -0.12 0.50 0.99 0.50 -0.12 0.00 0.00 0.39 1.05 0.00 0.00 0.39 1.05 1.05
0.00 -0.00 0.15 0.82 1.64 0.82 -0.15 -0.00 -0.13 0.50 0.99 0.50 -0.13 0.00 0.00 0.39 1.05 0.00 0.00 0.39 1.05 1.05
0.00 -0.00 0.15 0.84 1.67 0.84 -0.15 -0.00 -0.13 0.49 0.99 0.49 -0.13 0.00 0.00 0.39 1.05 0.00 0.00 0.39 1.05 1.05
0.00 -0.00 0.16 0.85 1.70 0.85 -0.16 -0.00 -0.13 0.49 0.98 0.49 -0.13 0.00 0.00 0.39 1.05 0.00 0.00 0.39 1.05 1.05
0.00 -0.00 0.16 0.86 1.73 0.87 -0.16 -0.00 -0.13 0.49 0.98 0.49 -0.13 0.00 0.00 0.39 1.05 0.00 0.00 0.39 1.05 1.05
0.00 -0.00 0.16 0.88 1.75 0.88 -0.16 -0.00 -0.14 0.49 0.98 0.49 -0.14 0.00 0.00 0.39 1.05 0.00 0.00 0.39 1.05 1.05
0.00 -0.00 0.17 0.89 1.77 0.89 -0.17 -0.00 -0.14 0.49 0.98 0.49 -0.14 0.00 0.00 0.39 1.05 0.00 0.00 0.39 1.05 1.05
0.00 -0.00 0.17 0.90 1.79 0.90 -0.17 -0.00 -0.14 0.49 0.98 0.49 -0.14 0.00 0.00 0.39 1.05 0.00 0.00 0.39 1.05 1.05
0.00 -0.00 0.17 0.90 1.81 0.90 -0.17 -0.00 -0.14 0.49 0.98 0.49 -0.14 0.00 0.00 0.39 1.05 0.00 0.00 0.39 1.05 1.05
0.00 -0.00 0.17 0.91 1.82 0.91 -0.17 -0.00 -0.14 0.49 0.98 0.49 -0.14 0.00 0.00 0.39 1.05 0.00 0.00 0.39 1.05 1.05
0.00 -0.00 0.18 0.91 1.83 0.91 -0.18 -0.00 -0.14 0.49 0.98 0.49 -0.14 0.00 0.00 0.39 1.05 0.00 0.00 0.39 1.05 1.05
0.00 -0.00 0.18 0.91 1.83 0.92 -0.18 -0.00 -0.14 0.49 0.98 0.49 -0.14 0.00 0.00 0.39 1.05 0.00 0.00 0.39 1.05 1.05
0.00 -0.00 0.18 0.92 1.83 0.92 -0.18 -0.00 -0.14 0.49 0.97 0.49 -0.14 0.00 0.00 0.39 1.05 0.00 0.00 0.39 1.05 1.05
0.00 -0.00 0.18 0.91 1.83 0.92 -0.18 -0.00 -0.14 0.49 0.98 0.49 -0.14 0.00 0.00 0.39 1.05 0.00 0.00 0.39 1.05 1.05
0.00 -0.00 0.18 0.91 1.83 0.91 -0.18 -0.00 -0.14 0.49 0.98 0.49 -0.14 0.00 0.00 0.39 1.05 0.00 0.00 0.39 1.05 1.05
0.00 -0.00 0.17 0.91 1.82 0.91 -0.17 -0.00 -0.14 0.49 0.98 0.49 -0.14 0.00 0.00 0.39 1.05 0.00 0.00 0.39 1.05 1.05
0.00 -0.00 0.17 0.90 1.81 0.90 -0.17 -0.00 -0.14 0.49 0.98 0.49 -0.14 0.00 0.00 0.39 1.05 0.00 0.00 0.39 1.05 1.05
0.00 -0.00 0.17 0.90 1.79 0.90 -0.17 -0.00 -0.14 0.49 0.98 0.49 -0.14 0.00 0.00 0.39 1.05 0.00 0.00 0.39 1.05 1.05
0.00 -0.00 0.17 0.89 1.77 0.89 -0.17 -0.00 -0.14 0.49 0.98 0.49 -0.14 0.00 0.00 0.39 1.05 0.00 0.00 0.39 1.05 1.05
0.00 -0.00 0.16 0.88 1.75 0.88 -0.16 -0.00 -0.14 0.49 0.98 0.49 -0.14 0.00 0.00 0.39 1.05 0.00 0.00 0.39 1.05 1.05
0.00 -0.00 0.16 0.86 1.73 0.87 -0.16 -0.00 -0.13 0.49 0.98 0.49 -0.13 0.00 0.00 0.39 1.05 0.00 0.00 0.39 1.05 1.05
0.00 -0.00 0.16 0.85 1.70 0.85 -0.16 -0.00 -0.13 0.49 0.98 0.49 -0.13 0.00 0.00 0.39 1.05 0.00 0.00 0.39 1.05 1.05
0.00 -0.00 0.15 0.84 1.67 0.84 -0.15 -0.00 -0.13 0.49 0.99 0.49 -0.13 0.00 0.00 0.39 1.05 0.00 0.00 0.39 1.05 1.05
0.00 -0.00 0.15 0.82 1.64 0.82 -0.15 -0.00 -0.13 0.50 0.99 0.50 -0.13 0.00 0.00 0.39 1.05 0.00 0.00 0.39 1.05 1.05
0.00 -0.00 0.14 0.80 1.60 0.80 -0.14 -0.00 -0.12 0.50 0.99 0.50 -0.12 0.00 0.00 0.39 1.05 0.00 0.00 0.39 1.05 1.05
0.00 -0.00 0.13 0.78 1.56 0.78 -0.13 -0.00 -0.12 0.50 1.00 0.50 -0.12 0.00 0.00 0.39 1.05 0.00 0.00 0.39 1.05 1.05
0.00 -0.00 0.13 0.76 1.51 0.76 -0.13 -0.00 -0.11 0.50 1.00 0.50 -0.11 0.00 0.00 0.39 1.05 0.00 0.00 0.39 1.05 1.05
0.00 -0.00 0.12 0.73 1.47 0.73 -0.12 -0.00 -0.11 0.50 1.00 0.50 -0.11 0.00 0.00 0.39 1.05 0.00 0.00 0.39 1.05 1.05
0.00 -0.00 0.11 0.71 1.41 0.71 -0.11 -0.00 -0.10 0.50 1.01 0.50 -0.10 0.00 0.00 0.39 1.05 0.00 0.00 0.39 1.05 1.05
0.00 -0.00 0.10 0.68 1.36 0.68 -0.10 -0.00 -0.10 0.51 1.01 0.51 -0.10 0.00 0.00 0.39 1.05 0.00 0.00 0.39 1.05 1.05
0.00 -0.00 0.09 0.65 1.29 0.65 -0.09 -0.00 -0.09 0.51 1.02 0.51 -0.09 0.00 0.00 0.39 1.05 0.00 0.00 0.39 1.05 1.05
0.00 -0.00 0.08 0.61 1.23 0.61 -0.08 -0.00 -0.08 0.51 1.02 0.51 -0.08 0.00 0.00 0.39 1.05 0.00 0.00 0.39 1.05 1.05
0.00 -0.00 0.07 0.58 1.15 0.58 -0.07 -0.00 -0.07 0.51 1.03 0.51 -0.07 0.00 0.00 0.39 1.05 0.00 0.00 0.39 1.05 1.05
0.00 -0.00 0.06 0.53 1.07 0.53 -0.06 -0.00 -0.06 0.52 1.03 0.52 -0.06 0.00 0.00 0.39 1.05 0.00 0.00 0.39 1.05 1.05
0.00 -0.00 0.05 0.52 1.04 0.52 -0.05 -0.00 -0.05 0.52 1.04 0.52 -0.05 0.00 0.00 0.39 1.05 0.00 0.00 0.39 1.05 1.05
0.00 -0.00 0.03 0.52 1.04 0.52 -0.03 -0.00 -0.03 0.52 1.04 0.52 -0.03 0.00 0.00 0.39 1.05 0.00 0.00 0.39 1.05 1.05
0.00 -0.00 0.02 0.52 1.05 0.52 -0.02 -0.00 -0.02 0.52 1.05 0.52 -0.02 0.00 0.00 0.39 1.05 0.00 0.00 0.39 1.05 1.05
0.00 -0.00 0.00 0.52 1.05 0.52 -0.00 -0.00 -0.00 0.52 1.05 0.52 -0.00 0.00 0.00 0.39 1.05 0.00 0.00 0.39 1.05 1.05
0.00 -0.00 -0.02 0.52 1.05 0.52 0.02 -0.00 0.02 0.52 1.05 0.52 0.02 0.00 0.00 0.39 1.05 0.00 0.00 0.39 1.05 1.05
0.00 -0.00 -0.04 0.52 1.04 0.52 0.04 -0.00 0.04 0.52 1.04 0.52 0.04 0.00 0.00 0.39 1.05 0.00 0.00 0.39 1.05 1.05
0.00 -0.00 -0.05 0.52 1.04 0.52 0.05 -0.00 0.05 0.52 1.04 0.52 0.05 0.00 0.00 0.39 1.05 0.00 0.00 0.39 1.05 1.05
0.00 -0.00 -0.07 0.52 1.03 0.52 0.07 -0.00 0.07 0.52 1.03 0.52 0.07 0.00 0.00 0.39 1.05 0.00 0.00 0.39 1.05 1.05
-0.00 0.00 -0.08 0.51 1.03 0.51 0.08 0.00 0.08 0.53 1.05 0.53 0.08 0.00 0.00 0.39 1.05 0.00 0.00 0.39 1.05 1.05
-0.00 0.00 -0.09 0.51 1.02 0.51 0.09 0.00 0.09 0.57 1.14 0.57 0.09 0.00 0.00 0.39 1.05 0.00 0.00 0.39 1.05 1.05
-0.00 0.00 -0.10 0.51 1.01 0.51 0.10 0.00 0.10 0.61 1.22 0.61 0.10 0.00 0.00 0.39 1.05 0.00 0.00 0.39 1.05 1.05
-0.00 0.00 -0.11 0.50 1.01 0.50 0.11 0.00 0.11 0.64 1.29 0.64 0.11 0.00 0.00 0.39 1.05 0.00 0.00 0.39 1.05 1.05
-0.00 0.00 -0.12 0.50 1.00 0.50 0.12 0.00 0.12 0.67 1.35 0.67 0.12 0.00 0.00 0.39 1.05 0.00 0.00 0.39 1.05 1.05
-0.00 0.00 -0.12 0.50 0.99 0.50 0.12 0.00 0.13 0.70 1.40 0.70 0.13 0.00 0.00 0.39 1.05 0.00 0.00 0.39 1.05 1.05
-0.00 0.00 -0.13 0.49 0.99 0.49 0.13 0.00 0.14 0.73 1.46 0.73 0.14 0.00 0.00 0.39 1.05 0.00 0.00 0.39 1.05 1.05
-0.00 0.00 -0.13 0.49 0.98 0.49 0.13 0.00 0.15 0.75 1.51 0.75 0.15 0.00 0.00 0.39 1.05 0.00 0.00 0.39 1.05 1.05
-0.00 0.00 -0.14 0.49 0.98 0.49 0.14 0.00 0.15 0.77 1.55 0.78 0.15 0.00 0.00 0.39 1.05 0.00 0.00 0.39 1.05 1.05
-0.00 0.00 -0.14 0.49 0.98 0.49 0.14 0.00 0.16 0.79 1.59 0.80 0.16 0.00 0.00 0.39 1.05 0.00 0.00 0.39 1.05 1.05
-0.00 0.00 -0.14 0.49 0.97 0.49 0.14 0.00 0.17 0.81 1.63 0.81 0.17 0.00 0.00 0.39 1.05 0.00 0.00 0.39 1.05 1.05
-0.00 0.00 -0.15 0.48 0.97 0.48 0.15 0.00 0.17 0.83 1.66 0.83 0.17 0.00 0.00 0.39 1.05 0.00 0.00 0.39 1.05 1.05
-0.00 0.00 -0.15 0.48 0.97 0.48 0.15 0.00 0.18 0.85 1.69 0.85 0.18 0.00 0.00 0.39 1.05 0.00 0.00 0.39 1.05 1.05
-0.00 0.00 -0.15 0.48 0.96 0.48 0.15 0.00 0.18 0.86 1.72 0.86 0.18 0.00 0.00 0.39 1.05 0.00 0.00 0.39 1.05 1.05
-0.00 0.00 -0.15 0.48 0.96 0.48 0.15 0.00 0.19 0.87 1.74 0.87 0.19 0.00 0.00 0.39 1.05 0.00 0.00 0.39 1.05 1.05
-0.00 0.00 -0.16 0.48 0.96 0.48 0.16 0.00 0.19 0.88 1.76 0.88 0.19 0.00 0.00 0.39 1.05 0.00 0.00 0.39 1.05 1.05
-0.00 0.00 -0.16 0.48 0.96 0.48 0.16 0.00 0.19 0.89 1.78 0.89 0.19 0.00 0.00 0.39 1.05 0.00 0.00 0.39 1.05 1.05
-0.00 0.00 -0.16 0.48 0.96 0.48 0.16 0.00 0.19 0.90 1.80 0.90 0.19 0.00 0.00 0.39 1.05 0.00 0.00 0.39 1.05 1.05
-0.00 0.00 -0.16 0.48 0.95 0.48 0.16 0.00 0.20 0.90 1.81 0.90 0.20 0.00 0.00 0.39 1.05 0.00 0.00 0.39 1.05 1.05
-0.00 0.00 -0.16 0.48 0.95 0.48 0.16 0.00 0.20 0.91 1.81 0.91 0.20 0.00 0.00 0.39 1.05 0.00 0.00 0.39 1.05 1.05
-0.00 0.00 -0.16 0.48 0.95 0.48 0.16 0.00 0.20 0.91 1.82 0.91 0.20 0.00 0.00 0.39 1.05 0.00 0.00 0.39 1.05 1.05
-0.00 0.00 -0.16 0.48 0.95 0.48 0.16 0.00 0.20 0.91 1.82 0.91 0.20 0.00 0.00 0.39 1.05 0.00 0.00 0.39 1.05 1.05
-0.00 0.00 -0.16 0.48 0.95 0.48 0.16 0.00 0.20 0.91 1.82 0.91 0.20 0.00 0.00 0.39 1.05 0.00 0.00 0.39 1.05 1.05
-0.00 0.00 -0.16 0.48 0.95 0.48 0.16 0.00 0.20 0.91 1.81 0.91 0.20 0.00 0.00 0.39 1.05 0.00 0.00 0.39 1.05 1.05
-0.00 0.00 -0.16 0.48 0.95 0.48 0.16 0.00 0.20 0.90 1.81 0.90 0.20 0.00 0.00 0.39 1.05 0.00 0.00 0.39 1.05 1.05
-0.00 0.00 -0.16 0.48 0.96 0.48 0.16 0.00 0.19 0.90 1.80 0.90 0.19 0.00 0.00 0.39 1.05 0.00 0.00 0.39 1.05 1.05
-0.00 0.00 -0.16 0.48 0.96 0.48 0.16 0.00 0.19 0.89 1.78 0.89 0.19 0.00 0.00 0.39 1.05 0.00 0.00 0.39 1.05 1.05
-0.00 0.00 -0.16 0.48 0.96 0.48 0.16 0.00 0.19 0.88 1.76 0.88 0.19 0.00 0.00 0.39 1.05 0.00 0.00 0.39 1.05 1.05
-0.00 0.00 -0.15 0.48 0.96 0.48 0.15 0.00 0.19 0.87 1.74 0.87 0.19 0.00 0.00 0.39 1.05 0.00 0.00 0.39 1.05 1.05
-0.00 0.00 -0.15 0.48 0.96 0.48 0.15 0.00 0.18 0.86 1.72 0.86 0.18 0.00 0.00 0.39 1.05 0.00 0.00 0.39 1.05 1.05
-0.00 0.00 -0.15 0.48 0.97 0.48 0.15 0.00 0.18 0.85 1.69 0.85 0.18 0.00 0.00 0.39 1.05 0.00 0.00 0.39 1.05 1.05
-0.00 0.00 -0.15 0.48 0.97 0.48 0.15 0.00 0.17 0.83 1.66 0.83 0.17 0.00 0.00 0.39 1.05 0.00 0.00 0.39 1.05 1.05
-0.00 0.00 -0.14 0.49 0.97 0.49 0.14 0.00 0.17 0.81 1.63 0.81 0.17 0.00 0.00 0.39 1.05 0.00 0.00 0.39 1.05 1.05
-0.00 0.00 -0.14 0.49 0.98 0.49 0.14 0.00 0.16 0.79 1.59 0.80 0.16 0.00 0.00 0.39 1.05 0.00 0.00 0.39 1.05 1.05
-0.00 0.00 -0.14 0.49 0.98 0.49 0.14 0.00 0.15 0.77 1.55 0.78 0.15 0.00 0.00 0.39 1.05 0.00 0.00 0.39 1.05 1.05
-0.00 0.00 -0.13 0.49 0.98 0.49 0.13 0.00 0.15 0.75 1.51 0.75 0.15 0.00 0.00 0.39 1.05 0.00 0.00 0.39 1.05 1.05
-0.00 0.00 -0.13 0.49 0.99 0.49 0.13 0.00 0.14 0.73 1.46 0.73 0.14 0.00 0.00 0.39 1.05 0.00 0.00 0.39 1.05 1.05
-0.00 0.00 -0.12 0.50 0.99 0.50 0.12 0.00 0.13 0.70 1.40 0.70 0.13 0.00 0.00 0.39 1.05 0.00 0.00 0.39 1.05 1.05
-0.00 0.00 -0.12 0.50 1.00 0.50 0.12 0.00 0.12 0.67 1.35 0.67 0.12 0.00 0.00 0.39 1.05 0.00 0.00 0.39 1.05 1.05
-0.00 0.00 -0.11 0.50 1.01 0.50 0.11 0.00 0.11 0.64 1.29 0.64 0.11 0.00 0.00 0.39 1.05 0.00 0.00 0.39 1.05 1.05
-0.00 0.00 -0.10 0.51 1.01 0.51 0.10 0.00 0.10 0.61 1.22 0.61 0.10 0.00 0.00 0.39 1.05 0.00 0.00 0.39 1.05 1.05
-0.00 0.00 -0.09 0.51 1.02 0.51 0.09 0.00 0.09 0.57 1.14 0.57 0.09 0.00 0.00 0.39 1.05 0.00 0.00 0.39 1.05 1.05
-0.00 0.00 -0.08 0.51 1.03 0.51 0.08 0.00 0.08 0.53 1.06 0.53 0.08 0.00 0.00 0.39 1.05 0.00 0.00 0.39 1.05 1.05
-0.00 0.00 -0.07 0.52 1.03 0.52 0.07 0.00 0.07 0.52 1.03 0.52 0.07 0.00 0.00 0.39 1.05 0.00 0.00 0.39 1.05 1.05
0.00 -0.00 -0.05 0.52 1.04 0.52 0.05 -0.00 0.05 0.52 1.04 0.52 0.05 0.00 0.00 0.39 1.05 0.00 0.00 0.39 1.05 1.05
0.00 -0.00 -0.04 0.52 1.04 0.52 0.04 -0.00 0.04 0.52 1.04 0.52 0.04 0.00 0.00 0.39 1.05 0.00 0.00 0.39 1.05 1.05
0.00 -0.00 -0.02 0.52 1.05 0.52 0.02 -0.00 0.02 0.52 1.05 0.52 0.02 0.00 0.00 0.39 1.05 0.00 0.00 0.39 1.05 1.05
0.00 -0.00 -0.00 0.52 1.05 0.52 0.00 -0.00 0.00 0.52 1.05 0.52 0.00 0.00 0.00 0.39 1.05 0.00 0.00 0.39 1.05 1.05
0.00 -0.00 0.02 0.52 1.05 0.52 -0.02 -0.00 -0.02 0.52 1.05 0.52 -0.02 0.00 0.00 0.39 1.05 0.00 0.00 0.39 1.05 1.05
0.00 -0.00 0.03 0.52 1.04 0.52 -0.03 -0.00 -0.03 0.52 1.04 0.52 -0.03 0.00 0.00 0.39 1.05 0.00 0.00 0.39 1.05 1.05
0.00 -0.00 0.05 0.52 1.04 0.52 -0.05 -0.00 -0.05 0.52 1.04 0.52 -0.05 0.00 0.00 0.39 1.05 0.00 0.00 0.39 1.05 1.05
0.00 -0.00 0.06 0.53 1.06 0.53 -0.06 -0.00 -0.06 0.52 1.04 0.52 -0.06 0.00 0.00 0.39 1.05 0.00 0.00 0.39 1.05 1.05
0.00 -0.00 0.07 0.58 1.15 0.58 -0.07 -0.00 -0.07 0.51 1.03 0.51 -0.07 0.00 0.00 0.39 1.05 0.00 0.00 0.39 1.05 1.05
0.00 -0.00 0.08 0.61 1.23 0.61 -0.08 -0.00 -0.08 0.51 1.02 0.51 -0.08 0.00 0.00 0.39 1.05 0.00 0.00 0.39 1.05 1.05
0.00 -0.00 0.09 0.65 1.30 0.65 -0.09 -0.00 -0.09 0.51 1.02 0.51 -0.09 0.00 0.00 0.39 1.05 0.00 0.00 0.39 1.05 1.05
0.00 -0.00 0.10 0.68 1.36 0.68 -0.10 -0.00 -0.10 0.51 1.01 0.51 -0.10 0.00 0.00 0.39 1.05 0.00 0.00 0.39 1.05 1.05
0.00 -0.00 0.11 0.71 1.41 0.71 -0.11 -0.00 -0.10 0.50 1.01 0.50 -0.10 0.00 0.00 0.39 1.05 0.00 0.00 0.39 1.05 1.05
0.00 -0.00 0.12 0.73 1.47 0.73 -0.12 -0.00 -0.11 0.50 1.00 0.50 -0.11 0.00 0.00 0.39 1.05 0.00 0.00 0.39 1.05 1.05
0.00 -0.00 0.13 0.76 1.51 0.76 -0.13 -0.00 -0.11 0.50 1.00 0.50 -0.11 0.00 0.00 0.39 1.05 0.00 0.00 0.39 1.05 1.05
0.00 -0.00 0.13 0.78 1.56 0.78 -0.13 -0.00 -0.12 0.50 1.00 0.50 -0.12 0.00 0.00 0.39 1.05 0.00 0.00 0.39 1.05 1.05
0.00 -0.00 0.14 0.80 1.60 0.80 -0.14 -0.00 -0.12 0.50 0.99 0.50 -0.12 0.00 0.00 0.39 1.05 0.00 0.00 0.39 1.05 1.05
0.00 -0.00 0.15 0.82 1.64 0.82 -0.15 -0.00 -0.13 0.50 0.99 0.50 -0.13 0.00 0.00 0.39 1.05 0.00 0.00 0.39 1.05 1.05
0.00 -0.00 0.15 0.84 1.67 0.84 -0.15 -0.00 -0.13 0.49 0.99 0.49 -0.13 0.00 0.00 0.39 1.05 0.00 0.00 0.39 1.05 1.05
0.00 -0.00 0.16 0.85 1.70 0.85 -0.16 -0.00 -0.13 0.49 0.98 0.49 -0.13 0.00 0.00 0.39 1.05 0.00 0.00 0.39 1.05 1.05
0.00 -0.00 0.16 0.86 1.73 0.87 -0.16 -0.00 -0.13 0.49 0.98 0.49 -0.13 0.00 0.00 0.39 1.05 0.00 0.00 0.39 1.05 1.05
0.00 -0.00 0.16 0.88 1.75 0.88 -0.16 -0.00 -0.14 0.49 0.98 0.49 -0.14 0.00 0.00 0.39 1.05 0.00 0.00 0.39 1.05 1.05
0.00 -0.00 0.17 0.89 1.77 0.89 -0.17 -0.00 -0.14 0.49 0.98 0.49 -0.14 0.00 0.00 0.39 1.05 0.00 0.00 0.39 1.05 1.05
0.00 -0.00 0.17 0.90 1.79 0.90 -0.17 -0.00 -0.14 0.49 0.98 0.49 -0.14 0.00 0.00 0.39 1.05 0.00 0.00 0.39 1.05 1.05
0.00 -0.00 0.17 0.90 1.81 0.90 -0.17 -0.00 -0.14 0.49 0.98 0.49 -0.14 0.00 0.00 0.39 1.05 0.00 0.00 0.39 1.05 1.05
0.00 -0.00 0.17 0.91 1.82 0.91 -0.17 -0.00 -0.14 0.49 0.98 0.49 -0.14 0.00 0.00 0.39 1.05 0.00 0.00 0.39 1.05 1.05
0.00 -0.00 0.18 0.91 1.83 0.91 -0.18 -0.00 -0.14 0.49 0.98 0.49 -0.14 0.00 0.00 0.39 1.05 0.00 0.00 0.39 1.05 1.05
0.00 -0.00 0.18 0.91 1.83 0.92 -0.18 -0.00 -0.14 0.49 0.98 0.49 -0.14 0.00 0.00 0.39 1.05 0.00 0.00 0.39 1.05 1.05
0.00 -0.00 0.18 0.92 1.83 0.92 -0.18 -0.00 -0.14 0.49 0.97 0.49 -0.14 0.00 0.00 0.39 1.05 0.00 0.00 0.39 1.05 1.05
0.00 -0.00 0.18 0.91 1.83 0.92 -0.18 -0.00 -0.14 0.49 0.98 0.49 -0.14 0.00 0.00 0.39 1.05 0.00 0.00 0.39 1.05 1.05
0.00 -0.00 0.18 0.91 1.83 0.91 -0.18 -0.00 -0.14 0.49 0.98 0.49 -0.14 0.00 0.00 0.39 1.05 0.00 0.00 0.39 1.05 1.05
0.00 -0.00 0.17 0.91 1.82 0.91 -0.17 -0.00 -0.14 0.49 0.98 0.49 -0.14 0.00 0.00 0.39 1.05 0.00 0.00 0.39 1.05 1.05
0.00 -0.00 0.17 0.90 1.81 0.90 -0.17 -0.00 -0.14 0.49 0.98 0.49 -0.14 0.00 0.00 0.39 1.05 0.00 0.00 0.39 1.05 1.05
0.00 -0.00 0.17 0.90 1.79 0.90 -0.17 -0.00 -0.14 0.49 0.98 0.49 -0.14 0.00 0.00 0.39 1.05 0.00 0.00 0.39 1.05 1.05
0.00 -0.00 0.17 0.89 1.77 0.89 -0.17 -0.00 -0.14 0.49 0.98 0.49 -0.14 0.00 0.00 0.39 1.05 0.00 0.00 0.39 1.05 1.05
0.00 -0.00 0.16 0.88 1.75 0.88 -0.16 -0.00 -0.14 0.49 0.98 0.49 -0.14 0.00 0.00 0.39 1.05 0.00 0.00 0.39 1.05 1.05
0.00 -0.00 0.16 0.86 1.73 0.87 -0.16 -0.00 -0.13 0.49 0.98 0.49 -0.13 0.00 0.00 0.39 1.05 0.00 0.00 0.39 1.05 1.05
0.00 -0.00 0.16 0.85 1.70 0.85 -0.16 -0.00 -0.13 0.49 0.98 0.49 -0.13 0.00 0.00 0.39 1.05 0.00 0.00 0.39 1.05 1.05
0.00 -0.00 0.15 0.84 1.67 0.84 -0.15 -0.00 -0.13 0.49 0.99 0.49 -0.13 0.00 0.00 0.39 1.05 0.00 0.00 0.39 1.05 1.05
0.00 -0.00 0.15 0.82 1.64 0.82 -0.15 -0.00 -0.13 0.50 0.99 0.50 -0.13 0.00 0.00 0.39 1.05 0.00 0.00 0.39 1.05 1.05
0.00 -0.00 0.14 0.80 1.60 0.80 -0.14 -0.00 -0.12 0.50 0.99 0.50 -0.12 0.00 0.00 0.39 1.05 0.00 0.00 0.39 1.05 1.05
0.00 -0.00 0.13 0.78 1.56 0.78 -0.13 -0.00 -0.12 0.50 1.00 0.50 -0.12 0.00 0.00 0.39 1.05 0.00 0.00 0.39 1.05 1.05
0.00 -0.00 0.13 0.76 1.51 0.76 -0.13 -0.00 -0.11 0.50 1.00 0.50 -0.11 0.00 0.00 0.39 1.05 0.00 0.00 0.39 1.05 1.05
0.00 -0.00 0.12 0.73 1.47 0.73 -0.12 -0.00 -0.11 0.50 1.00 0.50 -0.11 0.00 0.00 0.39 1.05 0.00 0.00 0.39 1.05 1.05
0.00 -0.00 0.11 0.71 1.41 0.71 -0.11 -0.00 -0.10 0.50 1.01 0.50 -0.10 0.00 0.00 0.39 1.05 0.00 0.00 0.39 1.05 1.05
0.00 -0.00 0.10 0.68 1.36 0.68 -0.10 -0.00 -0.10 0.51 1.01 0.51 -0.10 0.00 0.00 0.39 1.05 0.00 0.00 0.39 1.05 1.05
0.00 -0.00 0.09 0.65 1.29 0.65 -0.09 -0.00 -0.09 0.51 1.02 0.51 -0.09 0.00 0.00 0.39 1.05 0.00 0.00 0.39 1.05 1.05
0.00 -0.00 0.08 0.61 1.23 0.61 -0.08 -0.00 -0.08 0.51 1.02 0.51 -0.08 0.00 0.00 0.39 1.05 0.00 0.00 0.39 1.05 1.05
0.00 -0.00 0.07 0.58 1.15 0.58 -0.07 -0.00 -0.07 0.51 1.03 0.51 -0.07 0.00 0.00 0.39 1.05 0.00 0.00 0.39 1.05 1.05
0.00 -0.00 0.06 0.53 1.07 0.53 -0.06 -0.00 -0.06 0.52 1.03 0.52 -0.06 0.00 0.00 0.39 1.05 0.00 0.00 0.39 1.05 1.05
0.00 -0.00 0.05 0.52 1.04 0.52 -0.05 -0.00 -0.05 0.52 1.04 0.52 -0.05 0.00 0.00 0.39 1.05 0.00 0.00 0.39 1.05 1.05
0.00 -0.00 0.03 0.52 1.04 0.52 -0.03 -0.00 -0.03 0.52 1.04 0.52 -0.03 0.00 0.00 0.39 1.05 0.00 0.00 0.39 1.05 1.05
0.00 -0.00 0.02 0.52 1.05 0.52 -0.02 -0.00 -0.02 0.52 1.05 0.52 -0.02 0.00 0.00 0.39 1.05 0.00 0.00 0.39 1.05 1.05
0.00 -0.00 0.00 0.52 1.05 0.52 -0.00 -0.00 -0.00 0.52 1.05 0.52 -0.00 0.00 0.00 0.39 1.05 0.00 0.00 0.39 1.05 1.05
0.00 -0.00 -0.02 0.52 1.05 0.52 0.02 -0.00 0.02 0.52 1.05 0.52 0.02 0.00 0.00 0.39 1.05 0.00 0.00 0.39 1.05 1.05
0.00 -0.00 -0.04 0.52 1.04 0.52 0.04 -0.00 0.04 0.52 1.04 0.52 0.04 0.00 0.00 0.39 1.05 0.00 0.00 0.39 1.05 1.05
0.00 -0.00 -0.05 0.52 1.04 0.52 0.05 -0.00 0.05 0.52 1.04 0.52 0.05 0.00 0.00 0.39 1.05 0.00 0.00 0.39 1.05 1.05
0.00 -0.00 -0.07 0.52 1.03 0.52 0.07 -0.00 0.07 0.52 1.03 0.52 0.07 0.00 0.00 0.39 1.05 0.00 0.00 0.39 1.05 1.05
-0.00 0.00 -0.08 0.51 1.03 0.51 0.08 0.00 0.08 0.53 1.05 0.53 0.08 0.00 0.00 0.39 1.05 0.00 0.00 0.39 1.05 1.05
-0.00 0.00 -0.09 0.51 1.02 0.51 0.09 0.00 0.09 0.57 1.14 0.57 0.09 0.00 0.00 0.39 1.05 0.00 0.00 0.39 1.05 1.05
-0.00 0.00 -0.10 0.51 1.01 0.51 0.10 0.00 0.10 0.61 1.22 0.61 0.10 0.00 0.00 0.39 1.05 0.00 0.00 0.39 1.05 1.05
-0.00 0.00 -0.11 0.50 1.01 0.50 0.11 0.00 0.11 0.64 1.29 0.64 0.11 0.00 0.00 0.39 1.05 0.00 0.00 0.39 1.05 1.05
-0.00 0.00 -0.12 0.50 1.00 0.50 0.12 0.00 0.12 0.67 1.35 0.67 0.12 0.00 0.00 0.39 1.05 0.00 0.00 0.39 1.05 1.05
-0.00 0.00 -0.12 0.50 0.99 0.50 0.12 0.00 0.13 0.70 1.40 0.70 0.13 0.00 0.00 0.39 1.05 0.00 0.00 0.39 1.05 1.05
-0.00 0.00 -0.13 0.49 0.99 0.49 0.13 0.00 0.14 0.73 1.46 0.73 0.14 0.00 0.00 0.39 1.05 0.00 0.00 0.39 1.05 1.05
-0.00 0.00 -0.13 0.49 0.98 0.49 0.13 0.00 0.15 0.75 1.51 0.75 0.15 0.00 0.00 0.39 1.05 0.00 0.00 0.39 1.05 1.05
-0.00 0.00 -0.14 0.49 0.98 0.49 0.14 0.00 0.15 0.77 1.55 0.78 0.15 0.00 0.00 0.39 1.05 0.00 0.00 0.39 1.05 1.05
-0.00 0.00 -0.14 0.49 0.98 0.49 0.14 0.00 0.16 0.79 1.59 0.80 0.16 0.00 0.00 0.39 1.05 0.00 0.00 0.39 1.05 1.05
-0.00 0.00 -0.14 0.49 0.97 0.49 0.14 0.00 0.17 0.81 1.63 0.81 0.17 0.00 0.00 0.39 1.05 0.00 0.00 0.39 1.05 1.05
-0.00 0.00 -0.15 0.48 0.97 0.48 0.15 0.00 0.17 0.83 1.66 0.83 0.17 0.00 0.00 0.39 1.05 0.00 0.00 0.39 1.05 1.05
-0.00 0.00 -0.15 0.48 0.97 0.48 0.15 0.00 0.18 0.85 1.69 0.85 0.18 0.00 0.00 0.39 1.05 0.00 0.00 0.39 1.05 1.05
-0.00 0.00 -0.15 0.48 0.96 0.48 0.15 0.00 0.18 0.86 1.72 0.86 0.18 0.00 0.00 0.39 1.05 0.00 0.00 0.39 1.05 1.05
-0.00 0.00 -0.15 0.48 0.96 0.48 0.15 0.00 0.19 0.87 1.74 0.87 0.19 0.00 0.00 0.39 1.05 0.00 0.00 0.39 1.05 1.05
-0.00 0.00 -0.16 0.48 0.96 0.48 0.16 0.00 0.19 0.88 1.76 0.88 0.19 0.00 0.00 0.39 1.05 0.00 0.00 0.39 1.05 1.05
-0.00 0.00 -0.16 0.48 0.96 0.48 0.16 0.00 0.19 0.89 1.78 0.89 0.19 0.00 0.00 0.39 1.05 0.00 0.00 0.39 1.05 1.05
-0.00 0.00 -0.16 0.48 0.96 0.48 0.16 0.00 0.19 0.90 1.80 0.90 0.19 0.00 0.00 0.39 1.05 0.00 0.00 0.39 1.05 1.05
-0.00 0.00 -0.16 0.48 0.95 0.48 0.16 0.00 0.20 0.90 1.81 0.90 0.20 0.00 0.00 0.39 1.05 0.00 0.00 0.39 1.05 1.05
-0.00 0.00 -0.16 0.48 0.95 0.48 0.16 0.00 0.20 0.91 1.81 0.91 0.20 0.00 0.00 0.39 1.05 0.00 0.00 0.39 1.05 1.05
-0.00 0.00 -0.16 0.48 0.95 0.48 0.16 0.00 0.20 0.91 1.82 0.91 0.20 0.00 0.00 0.39 1.05 0.00 0.00 0.39 1.05 1.05
-0.00 0.00 -0.16 0.48 0.95 0.48 0.16 0.00 0.20 0.91 1.82 0.91 0.20 0.00 0.00 0.39 1.05 0.00 0.00 0.39 1.05 1.05
-0.00 0.00 -0.16 0.48 0.95 0.48 0.16 0.00 0.20 0.91 1.82 0.91 0.20 0.00 0.00 0.39 1.05 0.00 0.00 0.39 1.05 1.05
-0.00 0.00 -0.16 0.48 0.95 0.48 0.16 0.00 0.20 0.91 1.81 0.91 0.20 0.00 0.00 0.39 1.05 0.00 0.00 0.39 1.05 1.05
-0.00 0.00 -0.16 0.48 0.95 0.48 0.16 0.00 0.20 0.90 1.81 0.90 0.20 0.00 0.00 0.39 1.05 0.00 0.00 0.39 1.05 1.05
-0.00 0.00 -0.16 0.48 0.96 0.48 0.16 0.00 0.19 0.90 1.80 0.90 0.19 0.00 0.00 0.39 1.05 0.00 0.00 0.39 1.05 1.05
-0.00 0.00 -0.16 0.48 0.96 0.48 0.16 0.00 0.19 0.89 1.78 0.89 0.19 0.00 0.00 0.39 1.05 0.00 0.00 0.39 1.05 1.05
-0.00 0.00 -0.16 0.48 0.96 0.48 0.16 0.00 0.19 0.88 1.76 0.88 0.19 0.00 0.00 0.39 1.05 0.00 0.00 0.39 1.05 1.05
-0.00 0.00 -0.15 0.48 0.96 0.48 0.15 0.00 0.19 0.87 1.74 0.87 0.19 0.00 0.00 0.39 1.05 0.00 0.00 0.39 1.05 1.05
-0.00 0.00 -0.15 0.48 0.96 0.48 0.15 0.00 0.18 0.86 1.72 0.86 0.18 0.00 0.00 0.39 1.05 0.00 0.00 0.39 1.05 1.05
-0.00 0.00 -0.15 0.48 0.97 0.48 0.15 0.00 0.18 0.85 1.69 0.85 0.18 0.00 0.00 0.39 1.05 0.00 0.00 0.39 1.05 1.05
-0.00 0.00 -0.15 0.48 0.97 0.48 0.15 0.00 0.17 0.83 1.66 0.83 0.17 0.00 0.00 0.39 1.05 0.00 0.00 0.39 1.05 1.05
-0.00 0.00 -0.14 0.49 0.97 0.49 0.14 0.00 0.17 0.81 1.63 0.81 0.17 0.00 0.00 0.39 1.05 0.00 0.00 0.39 1.05 1.05
-0.00 0.00 -0.14 0.49 0.98 0.49 0.14 0.00 0.16 0.79 1.59 0.80 0.16 0.00 0.00 0.39 1.05 0.00 0.00 0.39 1.05 1.05
-0.00 0.00 -0.14 0.49 0.98 0.49 0.14 0.00 0.15 0.77 1.55 0.78 0.15 0.00 0.00 0.39 1.05 0.00 0.00 0.39 1.05 1.05
-0.00 0.00 -0.13 0.49 0.98 0.49 0.13 0.00 0.15 0.75 1.51 0.75 0.15 0.00 0.00 0.39 1.05 0.00 0.00 0.39 1.05 1.05
-0.00 0.00 -0.13 0.49 0.99 0.49 0.13 0.00 0.14 0.73 1.46 0.73 0.14 0.00 0.00 0.39 1.05 0.00 0.00 0.39 1.05 1.05
-0.00 0.00 -0.12 0.50 0.99 0.50 0.12 0.00 0.13 0.70 1.40 0.70 0.13 0.00 0.00 0.39 1.05 0.00 0.00 0.39 1.05 1.05
-0.00 0.00 -0.12 0.50 1.00 0.50 0.12 0.00 0.12 0.67 1.35 0.67 0.12 0.00 0.00 0.39 1.05 0.00 0.00 0.39 1.05 1.05
-0.00 0.00 -0.11 0.50 1.01 0.50 0.11 0.00 0.11 0.64 1.29 0.64 0.11 0.00 0.00 0.39 1.05 0.00 0.00 0.39 1.05 1.05
-0.00 0.00 -0.10 0.51 1.01 0.51 0.10 0.00 0.10 0.61 1.22 0.61 0.10 0.00 0.00 0.39 1.05 0.00 0.00 0.39 1.05 1.05
-0.00 0.00 -0.09 0.51 1.02 0.51 0.09 0.00 0.09 0.57 1.14 0.57 0.09 0.00 0.00 0.39 1.05 0.00 0.00 0.39 1.05 1.05
-0.00 0.00 -0.08 0.51 1.03 0.51 0.08 0.00 0.08 0.53 1.06 0.53 0.08 0.00 0.00 0.39 1.05 0.00 0.00 0.39 1.05 1.05
-0.00 0.00 -0.07 0.52 1.03 0.52 0.07 0.00 0.07 0.52 1.03 0.52 0.07 0.00 0.00 0.39 1.05 0.00 0.00 0.39 1.05 1.05
0.00 -0.00 -0.05 0.52 1.04 0.52 0.05 -0.00 0.05 0.52 1.04 0.52 0.05 0.00 0.00 0.39 1.05 0.00 0.00 0.39 1.05 1.05
0.00 -0.00 -0.04 0.52 1.04 0.52 0.04 -0.00 0.04 0.52 1.04 0.52 0.04 0.00 0.00 0.39 1.05 0.00 0.00 0.39 1.05 1.05
0.00 -0.00 -0.02 0.52 1.05 0.52 0.02 -0.00 0.02 0.52 1.05 0.52 0.02 0.00 0.00 0.39 1.05 0.00 0.00 0.39 1.05 1.05
0.00 -0.00 -0.00 0.52 1.05 0.52 0.00 -0.00 0.00 0.52 1.05 0.52 0.00 0.00 0.00 0.39 1.05 0.00 0.00 0.39 1.05 1.05
0.00 -0.00 0.02 0.52 1.05 0.52 -0.02 -0.00 -0.02 0.52 1.05 0.52 -0.02 0.00 0.00 0.39 1.05 0.00 0.00 0.39 1.05 1.05
0.00 -0.00 0.03 0.52 1.04 0.52 -0.03 -0.00 -0.03 0.52 1.04 0.52 -0.03 0.00 0.00 0.39 1.05 0.00 0.00 0.39 1.05 1.05
0.00 -0.00 0.05 0.52 1.04 0.52 -0.05 -0.00 -0.05 0.52 1.04 0.52 -0.05 0.00 0.00 0.39 1.05 0.00 0.00 0.39 1.05 1.05
0.00 -0.00 0.06 0.53 1.06 0.53 -0.06 -0.00 -0.06 0.52 1.04 0.52 -0.06 0.00 0.00 0.39 1.05 0.00 0.00 0.39 1.05 1.05
0.00 -0.00 0.07 0.58 1.15 0.58 -0.07 -0.00 -0.07 0.51 1.03 0.51 -0.07 0.00 0.00 0.39 1.05 0.00 0.00 0.39 1.05 1.05
0.00 -0.00 0.08 0.61 1.23 0.61 -0.08 -0.00 -0.08 0.51 1.02 0.51 -0.08 0.00 0.00 0.39 1.05 0.00 0.00 0.39 1.05 1.05
0.00 -0.00 0.09 0.65 1.30 0.65 -0.09 -0.00 -0.09 0.51 1.02 0.51 -0.09 0.00 0.00 0.39 1.05 0.00 0.00 0.39 1.05 1.05
0.00 -0.00 0.10 0.68 1.36 0.68 -0.10 -0.00 -0.10 0.51 1.01 0.51 -0.10 0.00 0.00 0.39 1.05 0.00 0.00 0.39 1.05 1.05
0.00 -0.00 0.11 0.71 1.41 0.71 -0.11 -0.00 -0.10 0.50 1.01 0.50 -0.10 0.00 0.00 0.39 1.05 0.00 0.00 0.39 1.05 1.05
0.00 -0.00 0.12 0.73 1.47 0.73 -0.12 -0.00 -0.11 0.50 1.00 0.50 -0.11 0.00 0.00 0.39 1.05 0.00 0.00 0.39 1.05 1.05
0.00 -0.00 0.13 0.76 1.51 0.76 -0.13 -0.00 -0.11 0.50 1.00 0.50 -0.11 0.00 0.00 0.39 1.05 0.00 0.00 0.39 1.05 1.05
0.00 -0.00 0.13 0.78 1.56 0.78 -0.13 -0.00 -0.12 0.50 1.00 0.50 -0.12 0.00 0.00 0.39 1.05 0.00 0.00 0.39 1.05 1.05
0.00 -0.00 0.14 0.80 1.60 0.80 -0.14 -0.00 -0.12 0.50 0.99 0.50 -0.12 0.00 0.00 0.39 1.05 0.00 0.00 0.39 1.05 1.05
0.00 -0.00 0.15 0.82 1.64 0.82 -0.15 -0.00 -0.13 0.50 0.99 0.50 -0.13 0.00 0.00 0.39 1.05 0.00 0.00 0.39 1.05 1.05
0.00 -0.00 0.15 0.84 1.67 0.84 -0.15 -0.00 -0.13 0.49 0.99 0.49 -0.13 0.00 0.00 0.39 1.05 0.00 0.00 0.39 1.05 1.05
0.00 -0.00 0.16 0.85 1.70 0.85 -0.16 -0.00 -0.13 0.49 0.98 0.49 -0.13 0.00 0.00 0.39 1.05 0.00 0.00 0.39 1.05 1.05
0.00 -0.00 0.16 0.86 1.73 0.87 -0.16 -0.00 -0.13 0.49 0.98 0.49 -0.13 0.00 0.00 0.39 1.05 0.00 0.00 0.39 1.05 1.05
0.00 -0.00 0.16 0.88 1.75 0.88 -0.16 -0.00 -0.14 0.49 0.98 0.49 -0.14 0.00 0.00 0.39 1.05 0.00 0.00 0.39 1.05 1.05
0.00 -0.00 0.17 0.89 1.77 0.89 -0.17 -0.00 -0.14 0.49 0.98 0.49 -0.14 0.00 0.00 0.39 1.05 0.00 0.00 0.39 1.05 1.05
0.00 -0.00 0.17 0.90 1.79 0.90 -0.17 -0.00 -0.14 0.49 0.98 0.49 -0.14 0.00 0.00 0.39 1.05 0.00 0.00 0.39 1.05 1.05
0.00 -0.00 0.17 0.90 1.81 0.90 -0.17 -0.00 -0.14 0.49 0.98 0.49 -0.14 0.00 0.00 0.39 1.05 0.00 0.00 0.39 1.05 1.05
0.00 -0.00 0.17 0.91 1.82 0.91 -0.17 -0.00 -0.14 0.49 0.98 0.49 -0.14 0.00 0.00 0.39 1.05 0.00 0.00 0.39 1.05 1.05
0.00 -0.00 0.18 0.91 1.83 0.91 -0.18 -0.00 -0.14 0.49 0.98 0.49 -0.14 0.00 0.00 0.39 1.05 0.00 0.00 0.39 1.05 1.05
0.00 -0.00 0.18 0.91 1.83 0.92 -0.18 -0.00 -0.14 0.49 0.98 0.49 -0.14 0.00 0.00 0.39 1.05 0.00 0.00 0.39 1.05 1.05
0.00 -0.00 0.18 0.92 1.83 0.92 -0.18 -0.00 -0.14 0.49 0.97 0.49 -0.14 0.00 0.00 0.39 1.05 0.00 0.00 0.39 1.05 1.05
0.00 -0.00 0.18 0.91 1.83 0.92 -0.18 -0.00 -0.14 0.49 0.98 0.49 -0.14 0.00 0.00 0.39 1.05 0.00 0.00 0.39 1.05 1.05
0.00 -0.00 0.18 0.91 1.83 0.91 -0.18 -0.00 -0.14 0.49 0.98 0.49 -0.14 0.00 0.00 0.39 1.05 0.00 0.00 0.39 1.05 1.05
0.00 -0.00 0.17 0.91 1.82 0.91 -0.17 -0.00 -0.14 0.49 0.98 0.49 -0.14 0.00 0.00 0.39 1.05 0.00 0.00 0.39 1.05 1.05
0.00 -0.00 0.17 0.90 1.81 0.90 -0.17 -0.00 -0.14 0.49 0.98 0.49 -0.14 0.00 0.00 0.39 1.05 0.00 0.00 0.39 1.05 1.05
0.00 -0.00 0.17 0.90 1.79 0.90 -0.17 -0.00 -0.14 0.49 0.98 0.49 -0.14 0.00 0.00 0.39 1.05 0.00 0.00 0.39 1.05 1.05
0.00 -0.00 0.17 0.89 1.77 0.89 -0.17 -0.00 -0.14 0.49 0.98 0.49 -0.14 0.00 0.00 0.39 1.05 0.00 0.00 0.39 1.05 1.05
0.00 -0.00 0.16 0.88 1.75 0.88 -0.16 -0.00 -0.14 0.49 0.98 0.49 -0.14 0.00 0.00 0.39 1.05 0.00 0.00 0.39 1.05 1.05
0.00 -0.00 0.16 0.86 1.73 0.87 -0.16 -0.00 -0.13 0.49 0.98 0.49 -0.13 0.00 0.00 0.39 1.05 0.00 0.00 0.39 1.05 1.05
0.00 -0.00 0.16 0.85 1.70 0.85 -0.16 -0.00 -0.13 0.49 0.98 0.49 -0.13 0.00 0.00 0.39 1.05 0.00 0.00 0.39 1.05 1.05
0.00 -0.00 0.15 0.84 1.67 0.84 -0.15 -0.00 -0.13 0.49 0.99 0.49 -0.13 0.00 0.00 0.39 1.05 0.00 0.00 0.39 1.05 1.05
0.00 -0.00 0.15 0.82 1.64 0.82 -0.15 -0.00 -0.13 0.50 0.99 0.50 -0.13 0.00 0.00 0.39 1.05 0.00 0.00 0.39 1.05 1.05
0.00 -0.00 0.14 0.80 1.60 0.80 -0.14 -0.00 -0.12 0.50 0.99 0.50 -0.12 0.00 0.00 0.39 1.05 0.00 0.00 0.39 1.05 1.05
0.00 -0.00 0.13 0.78 1.56 0.78 -0.13 -0.00 -0.12 0.50 1.00 0.50 -0.12 0.00 0.00 0.39 1.05 0.00 0.00 0.39 1.05 1.05
0.00 -0.00 0.13 0.76 1.51 0.76 -0.13 -0.00 -0.11 0.50 1.00 0.50 -0.11 0.00 0.00 0.39 1.05 0.00 0.00 0.39 1.05 1.05
0.00 -0.00 0.12 0.73 1.47 0.73 -0.12 -0.00 -0.11 0.50 1.00 0.50 -0.11 0.00 0.00 0.39 1.05 0.00 0.00 0.39 1.05 1.05
0.00 -0.00 0.11 0.71 1.41 0.71 -0.11 -0.00 -0.10 0.50 1.01 0.50 -0.10 0.00 0.00 0.39 1.05 0.00 0.00 0.39 1.05 1.05
0.00 -0.00 0.10 0.68 1.36 0.68 -0.10 -0.00 -0.10 0.51 1.01 0.51 -0.10 0.00 0.00 0.39 1.05 0.00 0.00 0.39 1.05 1.05
0.00 -0.00 0.09 0.65 1.29 0.65 -0.09 -0.00 -0.09 0.51 1.02 0.51 -0.09 0.00 0.00 0.39 1.05 0.00 0.00 0.39 1.05 1.05
0.00 -0.00 0.08 0.61 1.23 0.61 -0.08 -0.00 -0.08 0.51 1.02 0.51 -0.08 0.00 0.00 0.39 1.05 0.00 0.00 0.39 1.05 1.05
0.00 -0.00 0.07 0.58 1.15 0.58 -0.07 -0.00 -0.07 0.51 1.03 0.51 -0.07 0.00 0.00 0.39 1.05 0.00 0.00 0.39 1.05 1.05
0.00 -0.00 0.06 0.53 1.07 0.53 -0.06 -0.00 -0.06 0.52 1.03 0.52 -0.06 0.00 0.00 0.39 1.05 0.00 0.00 0.39 1.05 1.05
0.00 -0.00 0.05 0.52 1.04 0.52 -0.05 -0.00 -0.05 0.52 1.04 0.52 -0.05 0.00 0.00 0.39 1.05 0.00 0.00 0.39 1.05 1.05
0.00 -0.00 0.03 0.52 1.04 0.52 -0.03 -0.00 -0.03 0.52 1.04 0.52 -0.03 0.00 0.00 0.39 1.05 0.00 0.00 0.39 1.05 1.05
0.00 -0.00 0.02 0.52 1.05 0.52 -0.02 -0.00 -0.02 0.52 1.05 0.52 -0.02 0.00 0.00 0.39 1.05 0.00 0.00 0.39 1.05 1.05
0.00 -0.00 0.00 0.52 1.05 0.52 -0.00 -0.00 -0.00 0.52 1.05 0.52 -0.00 0.00 0.00 0.39 1.05 0.00 0.00 0.39 1.05 1.05
0.00 -0.00 -0.02 0.52 1.05 0.52 0.02 -0.00 0.02 0.52 1.05 0.52 0.02 0.00 0.00 0.39 1.05 0.00 0.00 0.39 1.05 1.05
0.00 -0.00 -0.04 0.52 1.04 0.52 0.04 -0.00 0.04 0.52 1.04 0.52 0.04 0.00 0.00 0.39 1.05 0.00 0.00 0.39 1.05 1.05
0.00 -0.00 -0.05 0.52 1.04 0.52 0.05 -0.00 0.05 0.52 1.04 0.52 0.05 0.00 0.00 0.39 1.05 0.00 0.00 0.39 1.05 1.05
0.00 -0.00 -0.07 0.52 1.03 0.52 0.07 -0.00 0.07 0.52 1.03 0.52 0.07 0.00 0.00 0.39 1.05 0.00 0.00 0.39 1.05 1.05
-0.00 0.00 -0.08 0.51 1.03 0.51 0.08 0.00 0.08 0.53 1.05 0.53 0.08 0.00 0.00 0.39 1.05 0.00 0.00 0.39 1.05 1.05
-0.00 0.00 -0.09 0.51 1.02 0.51 0.09 0.00 0.09 0.57 1.14 0.57 0.09 0.00 0.00 0.39 1.05 0.00 0.00 0.39 1.05 1.05
-0.00 0.00 -0.10 0.51 1.01 0.51 0.10 0.00 0.10 0.61 1.22 0.61 0.10 0.00 0.00 0.39 1.05 0.00 0.00 0.39 1.05 1.05
-0.00 0.00 -0.11 0.50 1.01 0.50 0.11 0.00 0.11 0.64 1.29 0.64 0.11 0.00 0.00 0.39 1.05 0.00 0.00 0.39 1.05 1.05
-0.00 0.00 -0.12 0.50 1.00 0.50 0.12 0.00 0.12 0.67 1.35 0.67 0.12 0.00 0.00 0.39 1.05 0.00 0.00 0.39 1.05 1.05
-0.00 0.00 -0.12 0.50 0.99 0.50 0.12 0.00 0.13 0.70 1.40 0.70 0.13 0.00 0.00 0.39 1.05 0.00 0.00 0.39 1.05 1.05
-0.00 0.00 -0.13 0.49 0.99 0.49 0.13 0.00 0.14 0.73 1.46 0.73 0.14 0.00 0.00 0.39 1.05 0.00 0.00 0.39 1.05 1.05
-0.00 0.00 -0.13 0.49 0.98 0.49 0.13 0.00 0.15 0.75 1.51 0.75 0.15 0.00 0.00 0.39 1.05 0.00 0.00 0.39 1.05 1.05
-0.00 0.00 -0.14 0.49 0.98 0.49 0.14 0.00 0.15 0.77 1.55 0.78 0.15 0.00 0.00 0.39 1.05 0.00 0.00 0.39 1.05 1.05
-0.00 0.00 -0.14 0.49 0.98 0.49 0.14 0.00 0.16 0.79 1.59 0.80 0.16 0.00 0.00 0.39 1.05 0.00 0.00 0.39 1.05 1.05
-0.00 0.00 -0.14 0.49 0.97 0.49 0.14 0.00 0.17 0.81 1.63 0.81 0.17 0.00 0.00 0.39 1.05 0.00 0.00 0.39 1.05 1.05
-0.00 0.00 -0.15 0.48 0.97 0.48 0.15 0.00 0.17 0.83 1.66 0.83 0.17 0.00 0.00 0.39 1.05 0.00 0.00 0.39 1.05 1.05
-0.00 0.00 -0.15 0.48 0.97 0.48 0.15 0.00 0.18 0.85 1.69 0.85 0.18 0.00 0.00 0.39 1.05 0.00 0.00 0.39 1.05 1.05
-0.00 0.00 -0.15 0.48 0.96 0.48 0.15 0.00 0.18 0.86 1.72 0.86 0.18 0.00 0.00 0.39 1.05 0.00 0.00 0.39 1.05 1.05
-0.00 0.00 -0.15 0.48 0.96 0.48 0.15 0.00 0.19 0.87 1.74 0.87 0.19 0.00 0.00 0.39 1.05 0.00 0.00 0.39 1.05 1.05
-0.00 0.00 -0.16 0.48 0.96 0.48 0.16 0.00 0.19 0.88 1.76 0.88 0.19 0.00 0.00 0.39 1.05 0.00 0.00 0.39 1.05 1.05
-0.00 0.00 -0.16 0.48 0.96 0.48 0.16 0.00 0.19 0.89 1.78 0.89 0.19 0.00 0.00 0.39 1.05 0.00 0.00 0.39 1.05 1.05
-0.00 0.00 -0.16 0.48 0.96 0.48 0.16 0.00 0.19 0.90 1.80 0.90 0.19 0.00 0.00 0.39 1.05 0.00 0.00 0.39 1.05 1.05
-0.00 0.00 -0.16 0.48 0.95 0.48 0.16 0.00 0.20 0.90 1.81 0.90 0.20 0.00 0.00 0.39 1.05 0.00 0.00 0.39 1.05 1.05
-0.00 0.00 -0.16 0.48 0.95 0.48 0.16 0.00 0.20 0.91 1.81 0.91 0.20 0.00 0.00 0.39 1.05 0.00 0.00 0.39 1.05 1.05
-0.00 0.00 -0.16 0.48 0.95 0.48 0.16 0.00 0.20 0.91 1.82 0.91 0.20 0.00 0.00 0.39 1.05 0.00 0.00 0.39 1.05 1.05
-0.00 0.00 -0.16 0.48 0.95 0.48 0.16 0.00 0.20 0.91 1.82 0.91 0.20 0.00 0.00 0.39 1.05 0.00 0.00 0.39 1.05 1.05
-0.00 0.00 -0.16 0.48 0.95 0.48 0.16 0.00 0.20 0.91 1.82 0.91 0.20 0.00 0.00 0.39 1.05 0.00 0.00 0.39 1.05 1.05
-0.00 0.00 -0.16 0.48 0.95 0.48 0.16 0.00 0.20 0.91 1.81 0.91 0.20 0.00 0.00 0.39 1.05 0.00 0.00 0.39 1.05 1.05
-0.00 0.00 -0.16 0.48 0.95 0.48 0.16 0.00 0.20 0.90 1.81 0.90 0.20 0.00 0.00 0.39 1.05 0.00 0.00 0.39 1.05 1.05
-0.00 0.00 -0.16 0.48 0.96 0.48 0.16 0.00 0.19 0.90 1.80 0.90 0.19 0.00 0.00 0.39 1.05 0.00 0.00 0.39 1.05 1.05
-0.00 0.00 -0.16 0.48 0.96 0.48 0.16 0.00 0.19 0.89 1.78 0.89 0.19 0.00 0.00 0.39 1.05 0.00 0.00 0.39 1.05 1.05
-0.00 0.00 -0.16 0.48 0.96 0.48 0.16 0.00 0.19 0.88 1.76 0.88 0.19 0.00 0.00 0.39 1.05 0.00 0.00 0.39 1.05 1.05
-0.00 0.00 -0.15 0.48 0.96 0.48 0.15 0.00 0.19 0.87 1.74 0.87 0.19 0.00 0.00 0.39 1.05 0.00 0.00 0.39 1.05 1.05
-0.00 0.00 -0.15 0.48 0.96 0.48 0.15 0.00 0.18 0.86 1.72 0.86 0.18 0.00 0.00 0.39 1.05 0.00 0.00 0.39 1.05 1.05
-0.00 0.00 -0.15 0.48 0.97 0.48 0.15 0.00 0.18 0.85 1.69 0.85 0.18 0.00 0.00 0.39 1.05 0.00 0.00 0.39 1.05 1.05
-0.00 0.00 -0.15 0.48 0.97 0.48 0.15 0.00 0.17 0.83 1.66 0.83 0.17 0.00 0.00 0.39 1.05 0.00 0.00 0.39 1.05 1.05
-0.00 0.00 -0.14 0.49 0.97 0.49 0.14 0.00 0.17 0.81 1.63 0.81 0.17 0.00 0.00 0.39 1.05 0.00 0.00 0.39 1.05 1.05
-0.00 0.00 -0.14 0.49 0.98 0.49 0.14 0.00 0.16 0.79 1.59 0.80 0.16 0.00 0.00 0.39 1.05 0.00 0.00 0.39 1.05 1.05
-0.00 0.00 -0.14 0.49 0.98 0.49 0.14 0.00 0.15 0.77 1.55 0.78 0.15 0.00 0.00 0.39 1.05 0.00 0.00 0.39 1.05 1.05
-0.00 0.00 -0.13 0.49 0.98 0.49 0.13 0.00 0.15 0.75 1.51 0.75 0.15 0.00 0.00 0.39 1.05 0.00 0.00 0.39 1.05 1.05
-0.00 0.00 -0.13 0.49 0.99 0.49 0.13 0.00 0.14 0.73 1.46 0.73 0.14 0.00 0.00 0.39 1.05 0.00 0.00 0.39 1.05 1.05
-0.00 0.00 -0.12 0.50 0.99 0.50 0.12 0.00 0.13 0.70 1.40 0.70 0.13 0.00 0.00 0.39 1.05 0.00 0.00 0.39 1.05 1.05
-0.00 0.00 -0.12 0.50 1.00 0.50 0.12 0.00 0.12 0.67 1.35 0.67 0.12 0.00 0.00 0.39 1.05 0.00 0.00 0.39 1.05 1.05
-0.00 0.00 -0.11 0.50 1.01 0.50 0.11 0.00 0.11 0.64 1.29 0.64 0.11 0.00 0.00 0.39 1.05 0.00 0.00 0.39 1.05 1.05
-0.00 0.00 -0.10 0.51 1.01 0.51 0.10 0.00 0.10 0.61 1.22 0.61 0.10 0.00 0.00 0.39 1.05 0.00 0.00 0.39 1.05 1.05
-0.00 0.00 -0.09 0.51 1.02 0.51 0.09 0.00 0.09 0.57 1.14 0.57 0.09 0.00 0.00 0.39 1.05 0.00 0.00 0.39 1.05 1.05
-0.00 0.00 -0.08 0.51 1.03 0.51 0.08 0.00 0.08 0.53 1.06 0.53 0.08 0.00 0.00 0.39 1.05 0.00 0.00 0.39 1.05 1.05
-0.00 0.00 -0.07 0.52 1.03 0.52 0.07 0.00 0.07 0.52 1.03 0.52 0.07 0.00 0.00 0.39 1.05 0.00 0.00 0.39 1.05 1.05
0.00 -0.00 -0.05 0.52 1.04 0.52 0.05 -0.00 0.05 0.52 1.04 0.52 0.05 0.00 0.00 0.39 1.05 0.00 0.00 0.39 1.05 1.05
0.00 -0.00 -0.04 0.52 1.04 0.52 0.04 -0.00 0.04 0.52 1.04 0.52 0.04 0.00 0.00 0.39 1.05 0.00 0.00 0.39 1.05 1.05
0.00 -0.00 -0.02 0.52 1.05 0.52 0.02 -0.00 0.02 0.52 1.05 0.52 0.02 0.00 0.00 0.39 1.05 0.00 0.00 0.39 1.05 1.05
0.00 -0.00 -0.00 0.52 1.05 0.52 0.00 -0.00 0.00 0.52 1.05 0.52 0.00 0.00 0.00 0.39 1.05 0.00 0.00 0.39 1.05 1.05
0.00 -0.00 0.02 0.52 1.05 0.52 -0.02 -0.00 -0.02 0.52 1.05 0.52 -0.02 0.00 0.00 0.39 1.05 0.00 0.00 0.39 1.05 1.05
0.00 -0.00 0.03 0.52 1.04 0.52 -0.03 -0.00 -0.03 0.52 1.04 0.52 -0.03 0.00 0.00 0.39 1.05 0.00 0.00 0.39 1.05 1.05
0.00 -0.00 0.05 0.52 1.04 0.52 -0.05 -0.00 -0.05 0.52 1.04 0.52 -0.05 0.00 0.00 0.39 1.05 0.00 0.00 0.39 1.05 1.05
0.00 -0.00 0.06 0.53 1.06 0.53 -0.06 -0.00 -0.06 0.52 1.04 0.52 -0.06 0.00 0.00 0.39 1.05 0.00 0.00 0.39 1.05 1.05
0.00 -0.00 0.07 0.58 1.15 0.58 -0.07 -0.00 -0.07 0.51 1.03 0.51 -0.07 0.00 0.00 0.39 1.05 0.00 0.00 0.39 1.05 1.05
0.00 -0.00 0.08 0.61 1.23 0.61 -0.08 -0.00 -0.08 0.51 1.02 0.51 -0.08 0.00 0.00 0.39 1.05 0.00 0.00 0.39 1.05 1.05
0.00 -0.00 0.09 0.65 1.30 0.65 -0.09 -0.00 -0.09 0.51 1.02 0.51 -0.09 0.00 0.00 0.39 1.05 0.00 0.00 0.39 1.05 1.05
0.00 -0.00 0.10 0.68 1.36 0.68 -0.10 -0.00 -0.10 0.51 1.01 0.51 -0.10 0.00 0.00 0.39 1.05 0.00 0.00 0.39 1.05 1.05
0.00 -0.00 0.11 0.71 1.41 0.71 -0.11 -0.00 -0.10 0.50 1.01 0.50 -0.10 0.00 0.00 0.39 1.05 0.00 0.00 0.39 1.05 1.05
0.00 -0.00 0.12 0.73 1.47 0.73 -0.12 -0.00 -0.11 0.50 1.00 0.50 -0.11 0.00 0.00 0.39 1.05 0.00 0.00 0.39 1.05 1.05
0.00 -0.00 0.13 0.76 1.51 0.76 -0.13 -0.00 -0.11 0.50 1.00 0.50 -0.11 0.00 0.00 0.39 1.05 0.00 0.00 0.39 1.05 1.05
0.00 -0.00 0.13 0.78 1.56 0.78 -0.13 -0.00 -0.12 0.50 1.00 0.50 -0.12 0.00 0.00 0.39 1.05 0.00 0.00 0.39 1.05 1.05
0.00 -0.00 0.14 0.80 1.60 0.80 -0.14 -0.00 -0.12 0.50 0.99 0.50 -0.12 0.00 0.00 0.39 1.05 0.00 0.00 0.39 1.05 1.05
0.00 -0.00 0.15 0.82 1.64 0.82 -0.15 -0.00 -0.13 0.50 0.99 0.50 -0.13 0.00 0.00 0.39 1.05 0.00 0.00 0.39 1.05 1.05
0.00 -0.00 0.15 0.84 1.67 0.84 -0.15 -0.00 -0.13 0.49 0.99 0.49 -0.13 0.00 0.00 0.39 1.05 0.00 0.00 0.39 1.05 1.05
0.00 -0.00 0.16 0.85 1.70 0.85 -0.16 -0.00 -0.13 0.49 0.98 0.49 -0.13 0.00 0.00 0.39 1.05 0.00 0.00 0.39 1.05 1.05
0.00 -0.00 0.16 0.86 1.73 0.87 -0.16 -0.00 -0.13 0.49 0.98 0.49 -0.13 0.00 0.00 0.39 1.05 0.00 0.00 0.39 1.05 1.05
0.00 -0.00 0.16 0.88 1.75 0.88 -0.16 -0.00 -0.14 0.49 0.98 0.49 -0.14 0.00 0.00 0.39 1.05 0.00 0.00 0.39 1.05 1.05
0.00 -0.00 0.17 0.89 1.77 0.89 -0.17 -0.00 -0.14 0.49 0.98 0.49 -0.14 0.00 0.00 0.39 1.05 0.00 0.00 0.39 1.05 1.05
0.00 -0.00 0.17 0.90 1.79 0.90 -0.17 -0.00 -0.14 0.49 0.98 0.49 -0.14 0.00 0.00 0.39 1.05 0.00 0.00 0.39 1.05 1.05
0.00 -0.00 0.17 0.90 1.81 0.90 -0.17 -0.00 -0.14 0.49 0.98 0.49 -0.14 0.00 0.00 0.39 1.05 0.00 0.00 0.39 1.05 1.05
0.00 -0.00 0.17 0.91 1.82 0.91 -0.17 -0.00 -0.14 0.49 0.98 0.49 -0.14 0.00 0.00 0.39 1.05 0.00 0.00 0.39 1.05 1.05
0.00 -0.00 0.18 0.91 1.83 0.91 -0.18 -0.00 -0.14 0.49 0.98 0.49 -0.14 0.00 0.00 0.39 1.05 0.00 0.00 0.39 1.05 1.05
0.00 -0.00 0.18 0.91 1.83 0.92 -0.18 -0.00 -0.14 0.49 0.98 0.49 -0.14 0.00 0.00 0.39 1.05 0.00 0.00 0.39 1.05 1.05
0.00 -0.00 0.18 0.92 1.83 0.92 -0.18 -0.00 -0.14 0.49 0.97 0.49 -0.14 0.00 0.00 0.39 1.05 0.00 0.00 0.39 1.05 1.05
0.00 -0.00 0.18 0.91 1.83 0.92 -0.18 -0.00 -0.14 0.49 0.98 0.49 -0.14 0.00 0.00 0.39 1.05 0.00 0.00 0.39 1.05 1.05
0.00 -0.00 0.18 0.91 1.83 0.91 -0.18 -0.00 -0.14 0.49 0.98 0.49 -0.14 0.00 0.00 0.39 1.05 0.00 0.00 0.39 1.05 1.05
0.00 -0.00 0.17 0.91 1.82 0.91 -0.17 -0.00 -0.14 0.49 0.98 0.49 -0.14 0.00 0.00 0.39 1.05 0.00 0.00 0.39 1.05 1.05
0.00 -0.00 0.17 0.90 1.81 0.90 -0.17 -0.00 -0.14 0.49 0.98 0.49 -0.14 0.00 0.00 0.39 1.05 0.00 0.00 0.39 1.05 1.05
0.00 -0.00 0.17 0.90 1.79 0.90 -0.17 -0.00 -0.14 0.49 0.98 0.49 -0.14 0.00 0.00 0.39 1.05 0.00 0.00 0.39 1.05 1.05
0.00 -0.00 0.17 0.89 1.77 0.89 -0.17 -0.00 -0.14 0.49 0.98 0.49 -0.14 0.00 0.00 0.39 1.05 0.00 0.00 0.39 1.05 1.05
0.00 -0.00 0.16 0.88 1.75 0.88 -0.16 -0.00 -0.14 0.49 0.98 0.49 -0.14 0.00 0.00 0.39 1.05 0.00 0.00 0.39 1.05 1.05
0.00 -0.00 0.16 0.86 1.73 0.87 -0.16 -0.00 -0.13 0.49 0.98 0.49 -0.13 0.00 0.00 0.39 1.05 0.00 0.00 0.39 1.05 1.05
0.00 -0.00 0.16 0.85 1.70 0.85 -0.16 -0.00 -0.13 0.49 0.98 0.49 -0.13 0.00 0.00 0.39 1.05 0.00 0.00 0.39 1.05 1.05
0.00 -0.00 0.15 0.84 1.67 0.84 -0.15 -0.00 -0.13 0.49 0.99 0.49 -0.13 0.00 0.00 0.39 1.05 0.00 0.00 0.39 1.05 1.05
0.00 -0.00 0.15 0.82 1.64 0.82 -0.15 -0.00 -0.13 0.50 0.99 0.50 -0.13 0.00 0.00 0.39 1.05 0.00 0.00 0.39 1.05 1.05
0.00 -0.00 0.14 0.80 1.60 0.80 -0.14 -0.00 -0.12 0.50 0.99 0.50 -0.12 0.00 0.00 0.39 1.05 0.00 0.00 0.39 1.05 1.05
0.00 -0.00 0.13 0.78 1.56 0.78 -0.13 -0.00 -0.12 0.50 1.00 0.50 -0.12 0.00 0.00 0.39 1.05 0.00 0.00 0.39 1.05 1.05
0.00 -0.00 0.13 0.76 1.51 0.76 -0.13 -0.00 -0.11 0.50 1.00 0.50 -0.11 0.00 0.00 0.39 1.05 0.00 0.00 0.39 1.05 1.05
0.00 -0.00 0.12 0.73 1.47 0.73 -0.12 -0.00 -0.11 0.50 1.00 0.50 -0.11 0.00 0.00 0.39 1.05 0.00 0.00 0.39 1.05 1.05
0.00 -0.00 0.11 0.71 1.41 0.71 -0.11 -0.00 -0.10 0.50 1.01 0.50 -0.10 0.00 0.00 0.39 1.05 0.00 0.00 0.39 1.05 1.05
0.00 -0.00 0.10 0.68 1.36 0.68 -0.10 -0.00 -0.10 0.51 1.01 0.51 -0.10 0.00 0.00 0.39 1.05 0.00 0.00 0.39 1.05 1.05
0.00 -0.00 0.09 0.65 1.29 0.65 -0.09 -0.00 -0.09 0.51 1.02 0.51 -0.09 0.00 0.00 0.39 1.05 0.00 0.00 0.39 1.05 1.05
0.00 -0.00 0.08 0.61 1.23 0.61 -0.08 -0.00 -0.08 0.51 1.02 0.51 -0.08 0.00 0.00 0.39 1.05 0.00 0.00 0.39 1.05 1.05
0.00 -0.00 0.07 0.58 1.15 0.58 -0.07 -0.00 -0.07 0.51 1.03 0.51 -0.07 0.00 0.00 0.39 1.05 0.00 0.00 0.39 1.05 1.05
0.00 -0.00 0.06 0.53 1.07 0.53 -0.06 -0.00 -0.06 0.52 1.03 0.52 -0.06 0.00 0.00 0.39 1.05 0.00 0.00 0.39 1.05 1.05
0.00 -0.00 0.05 0.52 1.04 0.52 -0.05 -0.00 -0.05 0.52 1.04 0.52 -0.05 0.00 0.00 0.39 1.05 0.00 0.00 0.39 1.05 1.05
0.00 -0.00 0.03 0.52 1.04 0.52 -0.03 -0.00 -0.03 0.52 1.04 0.52 -0.03 0.00 0.00 0.39 1.05 0.00 0.00 0.39 1.05 1.05
0.00 -0.00 0.02 0.52 1.05 0.52 -0.02 -0.00 -0.02 0.52 1.05 0.52 -0.02 0.00 0.00 0.39 1.05 0.00 0.00 0.39 1.05 1.05
0.00 -0.00 0.00 0.52 1.05 0.52 -0.00 -0.00 -0.00 0.52 1.05 0.52 -0.00 0.00 0.00 0.39 1.05 0.00 0.00 0.39 1.05 1.05
0.00 -0.00 -0.02 0.52 1.05 0.52 0.02 -0.00 0.02 0.52 1.05 0.52 0.02 0.00 0.00 0.39 1.05 0.00 0.00 0.39 1.05 1.05
0.00 -0.00 -0.04 0.52 1.04 0.52 0.04 -0.00 0.04 0.52 1.04 0.52 0.04 0.00 0.00 0.39 1.05 0.00 0.00 0.39 1.05 1.05
0.00 -0.00 -0.05 0.52 1.04 0.52 0.05 -0.00 0.05 0.52 1.04 0.52 0.05 0.00 0.00 0.39 1.05 0.00 0.00 0.39 1.05 1.05
0.00 -0.00 -0.07 0.52 1.03 0.52 0.07 -0.00 0.07 0.52 1.03 0.52 0.07 0.00 0.00 0.39 1.05 0.00 0.00 0.39 1.05 1.05
-0.00 0.00 -0.08 0.51 1.03 0.51 0.08 0.00 0.08 0.53 1.05 0.53 0.08 0.00 0.00 0.39 1.05 0.00 0.00 0.39 1.05 1.05
-0.00 0.00 -0.09 0.51 1.02 0.51 0.09 0.00 0.09 0.57 1.14 0.57 0.09 0.00 0.00 0.39 1.05 0.00 0.00 0.39 1.05 1.05
-0.00 0.00 -0.10 0.51 1.01 0.51 0.10 0.00 0.10 0.61 1.22 0.61 0.10 0.00 0.00 0.39 1.05 0.00 0.00 0.39 1.05 1.05
-0.00 0.00 -0.11 0.50 1.01 0.50 0.11 0.00 0.11 0.64 1.29 0.64 0.11 0.00 0.00 0.39 1.05 0.00 0.00 0.39 1.05 1.05
-0.00 0.00 -0.12 0.50 1.00 0.50 0.12 0.00 0.12 0.67 1.35 0.67 0.12 0.00 0.00 0.39 1.05 0.00 0.00 0.39 1.05 1.05
-0.00 0.00 -0.12 0.50 0.99 0.50 0.12 0.00 0.13 0.70 1.40 0.70 0.13 0.00 0.00 0.39 1.05 0.00 0.00 0.39 1.05 1.05
-0.00 0.00 -0.13 0.49 0.99 0.49 0.13 0.00 0.14 0.73 1.46 0.73 0.14 0.00 0.00 0.39 1.05 0.00 0.00 0.39 1.05 1.05
-0.00 0.00 -0.13 0.49 0.98 0.49 0.13 0.00 0.15 0.75 1.51 0.75 0.15 0.00 0.00 0.39 1.05 0.00 0.00 0.39 1.05 1.05
-0.00 0.00 -0.14 0.49 0.98 0.49 0.14 0.00 0.15 0.77 1.55 0.78 0.15 0.00 0.00 0.39 1.05 0.00 0.00 0.39 1.05 1.05
-0.00 0.00 -0.14 0.49 0.98 0.49 0.14 0.00 0.16 0.79 1.59 0.80 0.16 0.00 0.00 0.39 1.05 0.00 0.00 0.39 1.05 1.05
-0.00 0.00 -0.14 0.49 0.97 0.49 0.14 0.00 0.17 0.81 1.63 0.81 0.17 0.00 0.00 0.39 1.05 0.00 0.00 0.39 1.05 1.05
-0.00 0.00 -0.15 0.48 0.97 0.48 0.15 0.00 0.17 0.83 1.66 0.83 0.17 0.00 0.00 0.39 1.05 0.00 0.00 0.39 1.05 1.05
-0.00 0.00 -0.15 0.48 0.97 0.48 0.15 0.00 0.18 0.85 1.69 0.85 0.18 0.00 0.00 0.39 1.05 0.00 0.00 0.39 1.05 1.05
-0.00 0.00 -0.15 0.48 0.96 0.48 0.15 0.00 0.18 0.86 1.72 0.86 0.18 0.00 0.00 0.39 1.05 0.00 0.00 0.39 1.05 1.05
-0.00 0.00 -0.15 0.48 0.96 0.48 0.15 0.00 0.19 0.87 1.74 0.87 0.19 0.00 0.00 0.39 1.05 0.00 0.00 0.39 1.05 1.05
-0.00 0.00 -0.16 0.48 0.96 0.48 0.16 0.00 0.19 0.88 1.76 0.88 0.19 0.00 0.00 0.39 1.05 0.00 0.00 0.39 1.05 1.05
-0.00 0.00 -0.16 0.48 0.96 0.48 0.16 0.00 0.19 0.89 1.78 0.89 0.19 0.00 0.00 0.39 1.05 0.00 0.00 0.39 1.05 1.05
-0.00 0.00 -0.16 0.48 0.96 0.48 0.16 0.00 0.19 0.90 1.80 0.90 0.19 0.00 0.00 0.39 1.05 0.00 0.00 0.39 1.05 1.05
-0.00 0.00 -0.16 0.48 0.95 0.48 0.16 0.00 0.20 0.90 1.81 0.90 0.20 0.00 0.00 0.39 1.05 0.00 0.00 0.39 1.05 1.05
-0.00 0.00 -0.16 0.48 0.95 0.48 0.16 0.00 0.20 0.91 1.81 0.91 0.20 0.00 0.00 0.39 1.05 0.00 0.00 0.39 1.05 1.05
-0.00 0.00 -0.16 0.48 0.95 0.48 0.16 0.00 0.20 0.91 1.82 0.91 0.20 0.00 0.00 0.39 1.05 0.00 0.00 0.39 1.05 1.05
-0.00 0.00 -0.16 0.48 0.95 0.48 0.16 0.00 0.20 0.91 1.82 0.91 0.20 0.00 0.00 0.39 1.05 0.00 0.00 0.39 1.05 1.05
-0.00 0.00 -0.16 0.48 0.95 0.48 0.16 0.00 0.20 0.91 1.82 0.91 0.20 0.00 0.00 0.39 1.05 0.00 0.00 0.39 1.05 1.05
-0.00 0.00 -0.16 0.48 0.95 0.48 0.16 0.00 0.20 0.91 1.81 0.91 0.20 0.00 0.00 0.39 1.05 0.00 0.00 0.39 1.05 1.05
-0.00 0.00 -0.16 0.48 0.95 0.48 0.16 0.00 0.20 0.90 1.81 0.90 0.20 0.00 0.00 0.39 1.05 0.00 0.00 0.39 1.05 1.05
-0.00 0.00 -0.16 0.48 0.96 0.48 0.16 0.00 0.19 0.90 1.80 0.90 0.19 0.00 0.00 0.39 1.05 0.00 0.00 0.39 1.05 1.05
-0.00 0.00 -0.16 0.48 0.96 0.48 0.16 0.00 0.19 0.89 1.78 0.89 0.19 0.00 0.00 0.39 1.05 0.00 0.00 0.39 1.05 1.05
-0.00 0.00 -0.16 0.48 0.96 0.48 0.16 0.00 0.19 0.88 1.76 0.88 0.19 0.00 0.00 0.39 1.05 0.00 0.00 0.39 1.05 1.05
-0.00 0.00 -0.15 0.48 0.96 0.48 0.15 0.00 0.19 0.87 1.74 0.87 0.19 0.00 0.00 0.39 1.05 0.00 0.00 0.39 1.05 1.05
-0.00 0.00 -0.15 0.48 0.96 0.48 0.15 0.00 0.18 0.86 1.72 0.86 0.18 0.00 0.00 0.39 1.05 0.00 0.00 0.39 1.05 1.05
-0.00 0.00 -0.15 0.48 0.97 0.48 0.15 0.00 0.18 0.85 1.69 0.85 0.18 0.00 0.00 0.39 1.05 0.00 0.00 0.39 1.05 1.05
-0.00 0.00 -0.15 0.48 0.97 0.48 0.15 0.00 0.17 0.83 1.66 0.83 0.17 0.00 0.00 0.39 1.05 0.00 0.00 0.39 1.05 1.05
-0.00 0.00 -0.14 0.49 0.97 0.49 0.14 0.00 0.17 0.81 1.63 0.81 0.17 0.00 0.00 0.39 1.05 0.00 0.00 0.39 1.05 1.05
-0.00 0.00 -0.14 0.49 0.98 0.49 0.14 0.00 0.16 0.79 1.59 0.80 0.16 0.00 0.00 0.39 1.05 0.00 0.00 0.39 1.05 1.05
-0.00 0.00 -0.14 0.49 0.98 0.49 0.14 0.00 0.15 0.77 1.55 0.78 0.15 0.00 0.00 0.39 1.05 0.00 0.00 0.39 1.05 1.05
-0.00 0.00 -0.13 0.49 0.98 0.49 0.13 0.00 0.15 0.75 1.51 0.75 0.15 0.00 0.00 0.39 1.05 0.00 0.00 0.39 1.05 1.05
-0.00 0.00 -0.13 0.49 0.99 0.49 0.13 0.00 0.14 0.73 1.46 0.73 0.14 0.00 0.00 0.39 1.05 0.00 0.00 0.39 1.05 1.05
-0.00 0.00 -0.12 0.50 0.99 0.50 0.12 0.00 0.13 0.70 1.40 0.70 0.13 0.00 0.00 0.39 1.05 0.00 0.00 0.39 1.05 1.05
-0.00 0.00 -0.12 0.50 1.00 0.50 0.12 0.00 0.12 0.67 1.35 0.67 0.12 0.00 0.00 0.39 1.05 0.00 0.00 0.39 1.05 1.05
-0.00 0.00 -0.11 0.50 1.01 0.50 0.11 0.00 0.11 0.64 1.29 0.64 0.11 0.00 0.00 0.39 1.05 0.00 0.00 0.39 1.05 1.05
-0.00 0.00 -0.10 0.51 1.01 0.51 0.10 0.00 0.10 0.61 1.22 0.61 0.10 0.00 0.00 0.39 1.05 0.00 0.00 0.39 1.05 1.05
-0.00 0.00 -0.09 0.51 1.02 0.51 0.09 0.00 0.09 0.57 1.14 0.57 0.09 0.00 0.00 0.39 1.05 0.00 0.00 0.39 1.05 1.05
-0.00 0.00 -0.08 0.51 1.03 0.51 0.08 0.00 0.08 0.53 1.06 0.53 0.08 0.00 0.00 0.39 1.05 0.00 0.00 0.39 1.05 1.05
-0.00 0.00 -0.07 0.52 1.03 0.52 0.07 0.00 0.07 0.52 1.03 0.52 0.07 0.00 0.00 0.39 1.05 0.00 0.00 0.39 1.05 1.05
0.00 -0.00 -0.05 0.52 1.04 0.52 0.05 -0.00 0.05 0.52 1.04 0.52 0.05 0.00 0.00 0.39 1.05 0.00 0.00 0.39 1.05 1.05
0.00 -0.00 -0.04 0.52 1.04 0.52 0.04 -0.00 0.04 0.52 1.04 0.52 0.04 0.00 0.00 0.39 1.05 0.00 0.00 0.39 1.05 1.05
0.00 -0.00 -0.02 0.52 1.05 0.52 0.02 -0.00 0.02 0.52 1.05 0.52 0.02 0.00 0.00 0.39 1.05 0.00 0.00 0.39 1.05 1.05
0.00 -0.00 -0.00 0.52 1.05 0.52 0.00 -0.00 0.00 0.52 1.05 0.52 0.00 0.00 0.00 0.39 1.05 0.00 0.00 0.39 1.05 1.05
