   0.0000000e+00   3.1415927e+00
   9.8158792e-02   3.1400588e+00
   1.9622173e-01   3.1354587e+00
   2.9409307e-01   3.1277969e+00
   3.9167723e-01   3.1170809e+00
   4.8887892e-01   3.1033211e+00
   5.8560323e-01   3.0865309e+00
   6.8175571e-01   3.0667268e+00
   7.7724246e-01   3.0439281e+00
   8.7197025e-01   3.0181571e+00
   9.6584658e-01   2.9894389e+00
   1.0587798e+00   2.9578015e+00
   1.1506791e+00   2.9232759e+00
   1.2414548e+00   2.8858958e+00
   1.3310182e+00   2.8456976e+00
   1.4192819e+00   2.8027207e+00
   1.5061598e+00   2.7570069e+00
   1.5915668e+00   2.7086010e+00
   1.6754198e+00   2.6575502e+00
   1.7576367e+00   2.6039043e+00
   1.8381373e+00   2.5477158e+00
   1.9168430e+00   2.4890394e+00
   1.9936769e+00   2.4279326e+00
   2.0685641e+00   2.3644549e+00
   2.1414313e+00   2.2986684e+00
   2.2122075e+00   2.2306372e+00
   2.2808235e+00   2.1604279e+00
   2.3472122e+00   2.0881090e+00
   2.4113090e+00   2.0137510e+00
   2.4730512e+00   1.9374267e+00
   2.5323785e+00   1.8592105e+00
   2.5892329e+00   1.7791788e+00
   2.6435591e+00   1.6974098e+00
   2.6953038e+00   1.6139832e+00
   2.7444166e+00   1.5289807e+00
   2.7908495e+00   1.4424851e+00
   2.8345572e+00   1.3545810e+00
   2.8754971e+00   1.2653541e+00
   2.9136290e+00   1.1748917e+00
   2.9489158e+00   1.0832819e+00
   2.9813231e+00   9.9061442e-01
   3.0108192e+00   8.9697957e-01
   3.0373752e+00   8.0246885e-01
   3.0609653e+00   7.0717452e-01
   3.0815664e+00   6.1118965e-01
   3.0991584e+00   5.1460796e-01
   3.1137242e+00   4.1752377e-01
   3.1252494e+00   3.2003188e-01
   3.1337229e+00   2.2222747e-01
   3.1391364e+00   1.2420607e-01
   3.1414845e+00   2.6063380e-02
   3.1407651e+00  -7.2104759e-02
   3.1369787e+00  -1.7020249e-01
   3.1301292e+00  -2.6813402e-01
   3.1202231e+00  -3.6580372e-01
   3.1072701e+00  -4.6311622e-01
   3.0912830e+00  -5.5997650e-01
   3.0722773e+00  -6.5628997e-01
   3.0502716e+00  -7.5196258e-01
   3.0252873e+00  -8.4690091e-01
   2.9973489e+00  -9.4101226e-01
   2.9664836e+00  -1.0342047e+00
   2.9327216e+00  -1.1263873e+00
   2.8960959e+00  -1.2174700e+00
   2.8566421e+00  -1.3073638e+00
   2.8143989e+00  -1.3959811e+00
   2.7694075e+00  -1.4832351e+00
   2.7217118e+00  -1.5690409e+00
   2.6713584e+00  -1.6533145e+00
   2.6183965e+00  -1.7359736e+00
   2.5628777e+00  -1.8169376e+00
   2.5048564e+00  -1.8961274e+00
   2.4443890e+00  -1.9734656e+00
   2.3815348e+00  -2.0488768e+00
   2.3163551e+00  -2.1222873e+00
   2.2489135e+00  -2.1936255e+00
   2.1792758e+00  -2.2628216e+00
   2.1075101e+00  -2.3298080e+00
   2.0336865e+00  -2.3945195e+00
   1.9578770e+00  -2.4568928e+00
   1.8801557e+00  -2.5168669e+00
   1.8005984e+00  -2.5743834e+00
   1.7192829e+00  -2.6293860e+00
   1.6362886e+00  -2.6818211e+00
   1.5516964e+00  -2.7316374e+00
   1.4655890e+00  -2.7787863e+00
   1.3780505e+00  -2.8232218e+00
   1.2891664e+00  -2.8649004e+00
   1.1990234e+00  -2.9037816e+00
   1.1077096e+00  -2.9398272e+00
   1.0153141e+00  -2.9730021e+00
   9.2192716e-01  -3.0032740e+00
   8.2764000e-01  -3.0306132e+00
   7.3254466e-01  -3.0549931e+00
   6.3673401e-01  -3.0763898e+00
   5.4030159e-01  -3.0947825e+00
   4.4334158e-01  -3.1101532e+00
   3.4594866e-01  -3.1224868e+00
   2.4821792e-01  -3.1317714e+00
   1.5024480e-01  -3.1379979e+00
   5.2124967e-02  -3.1411602e+00
  -4.6045763e-02  -3.1412552e+00
  -1.4417153e-01  -3.1382828e+00
  -2.4215652e-01  -3.1322459e+00
  -3.3990504e-01  -3.1231505e+00
  -4.3732165e-01  -3.1110053e+00
  -5.3431123e-01  -3.0958223e+00
  -6.3077906e-01  -3.0776163e+00
  -7.2663094e-01  -3.0564051e+00
  -8.2177328e-01  -3.0322093e+00
  -9.1611318e-01  -3.0050526e+00
  -1.0095585e+00  -2.9749615e+00
  -1.1020180e+00  -2.9419654e+00
  -1.1934014e+00  -2.9060966e+00
  -1.2836195e+00  -2.8673900e+00
  -1.3725841e+00  -2.8258834e+00
  -1.4602085e+00  -2.7816175e+00
  -1.5464069e+00  -2.7346353e+00
  -1.6310953e+00  -2.6849828e+00
  -1.7141910e+00  -2.6327084e+00
  -1.7956128e+00  -2.5778632e+00
  -1.8752813e+00  -2.5205009e+00
  -1.9531185e+00  -2.4606772e+00
  -2.0290486e+00  -2.3984508e+00
  -2.1029973e+00  -2.3338823e+00
  -2.1748925e+00  -2.2670349e+00
  -2.2446639e+00  -2.1979737e+00
  -2.3122435e+00  -2.1267662e+00
  -2.3775652e+00  -2.0534820e+00
  -2.4405652e+00  -1.9781926e+00
  -2.5011821e+00  -1.9009715e+00
  -2.5593566e+00  -1.8218941e+00
  -2.6150319e+00  -1.7410377e+00
  -2.6681537e+00  -1.6584813e+00
  -2.7186701e+00  -1.5743053e+00
  -2.7665318e+00  -1.4885920e+00
  -2.8116920e+00  -1.4014252e+00
  -2.8541066e+00  -1.3128899e+00
  -2.8937343e+00  -1.2230725e+00
  -2.9305362e+00  -1.1320609e+00
  -2.9644765e+00  -1.0399438e+00
  -2.9955221e+00  -9.4681129e-01
  -3.0236426e+00  -8.5275418e-01
  -3.0488106e+00  -7.5786438e-01
  -3.0710014e+00  -6.6223453e-01
  -3.0901935e+00  -5.6595803e-01
  -3.1063681e+00  -4.6912887e-01
  -3.1195093e+00  -3.7184162e-01
  -3.1296044e+00  -2.7419128e-01
  -3.1366435e+00  -1.7627318e-01
  -3.1406197e+00  -7.8182965e-02
  -3.1415291e+00   1.9983598e-02
  -3.1393709e+00   1.1813065e-01
  -3.1341471e+00   2.1616234e-01
  -3.1258629e+00   3.1398296e-01
  -3.1145264e+00   4.1149698e-01
  -3.1001486e+00   5.0860918e-01
  -3.0827435e+00   6.0522473e-01
  -3.0623282e+00   7.0124929e-01
  -3.0389225e+00   7.9658909e-01
  -3.0125495e+00   8.9115104e-01
  -2.9832347e+00   9.8484279e-01
  -2.9510068e+00   1.0775729e+00
  -2.9158973e+00   1.1692507e+00
  -2.8779405e+00   1.2597868e+00
  -2.8371735e+00   1.3490927e+00
  -2.7936360e+00   1.4370813e+00
  -2.7473705e+00   1.5236665e+00
  -2.6984223e+00   1.6087640e+00
  -2.6468391e+00   1.6922905e+00
  -2.5926714e+00   1.7741645e+00
  -2.5359719e+00   1.8543061e+00
  -2.4767961e+00   1.9326369e+00
  -2.4152017e+00   2.0090806e+00
  -2.3512490e+00   2.0835625e+00
  -2.2850003e+00   2.1560098e+00
  -2.2165203e+00   2.2263518e+00
  -2.1458759e+00   2.2945197e+00
  -2.0731362e+00   2.3604472e+00
  -1.9983720e+00   2.4240697e+00
  -1.9216565e+00   2.4853251e+00
  -1.8430645e+00   2.5441536e+00
  -1.7626727e+00   2.6004979e+00
  -1.6805598e+00   2.6543028e+00
  -1.5968058e+00   2.7055158e+00
  -1.5114926e+00   2.7540869e+00
  -1.4247034e+00   2.7999687e+00
  -1.3365230e+00   2.8431164e+00
  -1.2470375e+00   2.8834878e+00
  -1.1563344e+00   2.9210435e+00
  -1.0645020e+00   2.9557469e+00
  -9.7163025e-01   2.9875641e+00
  -8.7780968e-01   3.0164639e+00
  -7.8313194e-01   3.0424182e+00
  -6.8768948e-01   3.0654017e+00
  -5.9157551e-01   3.0853918e+00
  -4.9488388e-01   3.1023692e+00
  -3.9770900e-01   3.1163170e+00
  -3.0014576e-01   3.1272219e+00
  -2.0228944e-01   3.1350731e+00
  -1.0423558e-01   3.1398629e+00
  -6.0799430e-03   3.1415868e+00
   9.2081634e-02   3.1402429e+00
   1.9015329e-01   3.1358326e+00
   2.8803927e-01   3.1283602e+00
   3.8564399e-01   3.1178331e+00
   4.8287213e-01   3.1042614e+00
   5.7962875e-01   3.0876585e+00
   6.7581937e-01   3.0680405e+00
   7.7135007e-01   3.0454266e+00
   8.6612756e-01   3.0198390e+00
   9.6005929e-01   2.9913025e+00
   1.0530535e+00   2.9598450e+00
   1.1450195e+00   2.9254974e+00
   1.2358674e+00   2.8882930e+00
   1.3255084e+00   2.8482682e+00
   1.4138552e+00   2.8054622e+00
   1.5008213e+00   2.7599166e+00
   1.5863219e+00   2.7116761e+00
   1.6702735e+00   2.6607877e+00
   1.7525940e+00   2.6073010e+00
   1.8332032e+00   2.5512684e+00
   1.9120224e+00   2.4927445e+00
   1.9889744e+00   2.4317864e+00
   2.0639843e+00   2.3684538e+00
   2.1369787e+00   2.3028084e+00
   2.2078864e+00   2.2349144e+00
   2.2766381e+00   2.1648380e+00
   2.3431667e+00   2.0926476e+00
   2.4074073e+00   2.0184139e+00
   2.4692971e+00   1.9422092e+00
   2.5287756e+00   1.8641079e+00
   2.5857848e+00   1.7841864e+00
   2.6402691e+00   1.7025227e+00
   2.6921752e+00   1.6191964e+00
   2.7414524e+00   1.5342891e+00
   2.7880527e+00   1.4478836e+00
   2.8319304e+00   1.3600642e+00
   2.8730428e+00   1.2709167e+00
   2.9113498e+00   1.1805282e+00
   2.9468138e+00   1.0889870e+00
   2.9794004e+00   9.9638233e-01
   3.0090776e+00   9.0280475e-01
   3.0358165e+00   8.0834559e-01
   3.0595910e+00   7.1309710e-01
   3.0803778e+00   6.1715228e-01
   3.0981567e+00   5.2060482e-01
   3.1129103e+00   4.2354900e-01
   3.1246242e+00   3.2607959e-01
   3.1332870e+00   2.2829177e-01
   3.1388901e+00   1.3028103e-01
   3.1414282e+00   3.2143065e-02
   3.1408987e+00  -6.6026283e-02
   3.1373022e+00  -1.6413116e-01
   3.1306422e+00  -2.6207576e-01
   3.1209252e+00  -3.5976445e-01
   3.1081606e+00  -4.5710184e-01
   3.0923610e+00  -5.5399287e-01
   3.0735417e+00  -6.5034294e-01
   3.0517211e+00  -7.4605796e-01
   3.0269206e+00  -8.4104447e-01
   2.9991644e+00  -9.3520971e-01
   2.9684796e+00  -1.0284617e+00
   2.9348960e+00  -1.1207095e+00
   2.8984466e+00  -1.2118629e+00
   2.8591669e+00  -1.3018329e+00
   2.8170953e+00  -1.3905317e+00
   2.7722728e+00  -1.4778727e+00
   2.7247433e+00  -1.5637706e+00
   2.6745531e+00  -1.6481415e+00
   2.6217512e+00  -1.7309029e+00
   2.5663892e+00  -1.8119742e+00
   2.5085212e+00  -1.8912762e+00
   2.4482037e+00  -1.9687313e+00
   2.3854956e+00  -2.0442640e+00
   2.3204580e+00  -2.1178005e+00
   2.2531546e+00  -2.1892690e+00
   2.1836510e+00  -2.2585998e+00
   2.1120151e+00  -2.3257250e+00
   2.0383168e+00  -2.3905792e+00
   1.9626282e+00  -2.4530991e+00
   1.8850231e+00  -2.5132235e+00
   1.8055773e+00  -2.5708938e+00
   1.7243684e+00  -2.6260537e+00
   1.6414756e+00  -2.6786493e+00
   1.5569800e+00  -2.7286293e+00
   1.4709641e+00  -2.7759447e+00
   1.3835117e+00  -2.8205495e+00
   1.2947084e+00  -2.8624001e+00
   1.2046408e+00  -2.9014556e+00
   1.1133969e+00  -2.9376779e+00
   1.0210658e+00  -2.9710316e+00
   9.2773769e-01  -3.0014842e+00
   8.3350361e-01  -3.0290058e+00
   7.3845563e-01  -3.0535697e+00
   6.4268657e-01  -3.0751518e+00
   5.4628993e-01  -3.0937310e+00
   4.4935985e-01  -3.1092893e+00
   3.5199097e-01  -3.1218115e+00
   2.5427839e-01  -3.1312852e+00
   1.5631750e-01  -3.1377013e+00
   5.8203975e-02  -3.1410534e+00
  -3.9966387e-02  -3.1413384e+00
  -1.3809772e-01  -3.1385559e+00
  -2.3609421e-01  -3.1327087e+00
  -3.3386015e-01  -3.1238025e+00
  -4.3130009e-01  -3.1118459e+00
  -5.2831886e-01  -3.0968506e+00
  -6.2482175e-01  -3.0788313e+00
  -7.2071450e-01  -3.0578056e+00
  -8.1590349e-01  -3.0337940e+00
  -9.1029577e-01  -3.0068199e+00
  -1.0037992e+00  -2.9769098e+00
  -1.0963223e+00  -2.9440927e+00
  -1.1877750e+00  -2.9084008e+00
  -1.2780678e+00  -2.8698688e+00
  -1.3671126e+00  -2.8285345e+00
  -1.4548224e+00  -2.7844382e+00
  -1.5411117e+00  -2.7376229e+00
  -1.6258960e+00  -2.6881344e+00
  -1.7090927e+00  -2.6360210e+00
  -1.7906205e+00  -2.5813335e+00
  -1.8703998e+00  -2.5241254e+00
  -1.9483527e+00  -2.4644525e+00
  -2.0244030e+00  -2.4023732e+00
  -2.0984766e+00  -2.3379479e+00
  -2.1705010e+00  -2.2712397e+00
  -2.2404059e+00  -2.2023137e+00
  -2.3081232e+00  -2.1312371e+00
  -2.3735866e+00  -2.0580795e+00
  -2.4367322e+00  -1.9829121e+00
  -2.4974984e+00  -1.9058085e+00
  -2.5558259e+00  -1.8268439e+00
  -2.6116576e+00  -1.7460954e+00
  -2.6649391e+00  -1.6636418e+00
  -2.7156183e+00  -1.5795638e+00
  -2.7636457e+00  -1.4939433e+00
  -2.8089745e+00  -1.4068640e+00
  -2.8515604e+00  -1.3184110e+00
  -2.8913618e+00  -1.2286705e+00
  -2.9283398e+00  -1.1377303e+00
  -2.9624584e+00  -1.0456791e+00
  -2.9936841e+00  -9.5260677e-01
  -3.0219866e+00  -8.5860426e-01
  -3.0473382e+00  -7.6376334e-01
  -3.0697141e+00  -6.6817662e-01
  -3.0890924e+00  -5.7193744e-01
  -3.1054543e+00  -4.7513977e-01
  -3.1187838e+00  -3.7787813e-01
  -3.1290679e+00  -2.8024750e-01
  -3.1362964e+00  -1.8234322e-01
  -3.1404625e+00  -8.4260879e-02
  -3.1415619e+00   1.3903740e-02
  -3.1395936e+00   1.1205478e-01
  -3.1345596e+00   2.1009641e-01
  -3.1264647e+00   3.0793287e-01
  -3.1153169e+00   4.0546865e-01
  -3.1011271e+00   5.0260849e-01
  -3.0839090e+00   5.9925755e-01
  -3.0636796e+00   6.9532144e-01
  -3.0404585e+00   7.9070636e-01
  -3.0142685e+00   8.8531916e-01
  -2.9851351e+00   9.7906747e-01
  -2.9530867e+00   1.0718597e+00
  -2.9181547e+00   1.1636054e+00
  -2.8803732e+00   1.2542147e+00
  -2.8397791e+00   1.3435994e+00
  -2.7964119e+00   1.4316720e+00
  -2.7503141e+00   1.5183467e+00
  -2.7015307e+00   1.6035387e+00
  -2.6501093e+00   1.6871649e+00
  -2.5961000e+00   1.7691436e+00
  -2.5395558e+00   1.8493947e+00
  -2.4805317e+00   1.9278400e+00
  -2.4190854e+00   2.0044027e+00
  -2.3552769e+00   2.0790082e+00
  -2.2891685e+00   2.1515836e+00
  -2.2208248e+00   2.2220579e+00
  -2.1503125e+00   2.2903625e+00
  -2.0777005e+00   2.3564306e+00
  -2.0030596e+00   2.4201977e+00
  -1.9264627e+00   2.4816014e+00
  -1.8479847e+00   2.5405820e+00
  -1.7677022e+00   2.5970817e+00
  -1.6856935e+00   2.6510454e+00
  -1.6020388e+00   2.7024204e+00
  -1.5168198e+00   2.7511565e+00
  -1.4301195e+00   2.7972062e+00
  -1.3420228e+00   2.8405245e+00
  -1.2526156e+00   2.8810690e+00
  -1.1619853e+00   2.9188002e+00
  -1.0702203e+00   2.9536812e+00
  -9.7741028e-01   2.9856781e+00
  -8.8364581e-01   3.0147594e+00
  -7.8901848e-01   3.0408969e+00
  -6.9362069e-01   3.0640651e+00
  -5.9754558e-01   3.0842412e+00
  -5.0088699e-01   3.1014056e+00
  -4.0373928e-01   3.1155415e+00
  -3.0619733e-01   3.1266352e+00
  -2.0835639e-01   3.1346757e+00
  -1.1031198e-01   3.1396553e+00
  -1.2159863e-02   3.1415691e+00
   8.6004131e-02   3.1404152e+00
   1.8408414e-01   3.1361947e+00
   2.8198440e-01   3.1289118e+00
   3.7960930e-01   3.1185736e+00
   4.7686353e-01   3.1051901e+00
   5.7365210e-01   3.0887745e+00
   6.6988051e-01   3.0693427e+00
   7.6545480e-01   3.0469137e+00
   8.6028163e-01   3.0215095e+00
   9.5426841e-01   2.9931549e+00
   1.0473234e+00   2.9618775e+00
   1.1393556e+00   2.9277078e+00
   1.2302753e+00   2.8906793e+00
   1.3199937e+00   2.8508281e+00
