WST LHY LHR LHP LKP LAP LAR RHY RHR RHP RKP RAP RAR 
0.000000 0.000000 0.000000 0.000000 0.000000 0.000000 0.000000 0.000000 0.000000 0.000000 0.000000 0.000000 0.000000 
0.000000 0.000000 -0.000027 0.003741 0.007614 0.003737 0.000027 0.000000 -0.000027 0.003741 0.007342 0.003737 -0.000027 
0.000000 0.000000 -0.000053 0.007482 0.015227 0.007474 0.000053 0.000000 -0.000053 0.007482 0.014684 0.007474 -0.000053 
0.000000 0.000000 -0.000080 0.011223 0.022841 0.011211 0.000080 0.000000 -0.000080 0.011223 0.022027 0.011211 -0.000080 
0.000000 0.000000 -0.000106 0.014964 0.030455 0.014948 0.000106 0.000000 -0.000106 0.014964 0.029369 0.014948 -0.000106 
0.000000 0.000000 -0.000133 0.018705 0.038068 0.018685 0.000133 0.000000 -0.000133 0.018705 0.036711 0.018685 -0.000133 
0.000000 0.000000 -0.000160 0.022446 0.045682 0.022422 0.000160 0.000000 -0.000160 0.022446 0.044053 0.022422 -0.000160 
0.000000 0.000000 -0.000186 0.026187 0.053296 0.026159 0.000186 0.000000 -0.000186 0.026187 0.051396 0.026159 -0.000186 
0.000000 0.000000 -0.000213 0.029928 0.060909 0.029896 0.000213 0.000000 -0.000213 0.029928 0.058738 0.029896 -0.000213 
0.000000 0.000000 -0.000240 0.033668 0.068523 0.033633 0.000240 0.000000 -0.000240 0.033668 0.066080 0.033633 -0.000240 
0.000000 0.000000 -0.000266 0.037409 0.076137 0.037370 0.000266 0.000000 -0.000266 0.037409 0.073422 0.037370 -0.000266 
0.000000 0.000000 -0.000293 0.041150 0.083750 0.041107 0.000293 0.000000 -0.000293 0.041150 0.080765 0.041107 -0.000293 
0.000000 0.000000 -0.000319 0.044891 0.091364 0.044844 0.000319 0.000000 -0.000319 0.044891 0.088107 0.044844 -0.000319 
0.000000 0.000000 -0.000346 0.048632 0.098978 0.048581 0.000346 0.000000 -0.000346 0.048632 0.095449 0.048581 -0.000346 
0.000000 0.000000 -0.000373 0.052373 0.106592 0.052318 0.000373 0.000000 -0.000373 0.052373 0.102791 0.052318 -0.000373 
0.000000 0.000000 -0.000399 0.056114 0.114205 0.056055 0.000399 0.000000 -0.000399 0.056114 0.110134 0.056055 -0.000399 
0.000000 0.000000 -0.000426 0.059855 0.121819 0.059792 0.000426 0.000000 -0.000426 0.059855 0.117476 0.059792 -0.000426 
0.000000 0.000000 -0.000452 0.063596 0.129433 0.063529 0.000452 0.000000 -0.000452 0.063596 0.124818 0.063529 -0.000452 
0.000000 0.000000 -0.000479 0.067337 0.137046 0.067266 0.000479 0.000000 -0.000479 0.067337 0.132160 0.067266 -0.000479 
0.000000 0.000000 -0.000506 0.071078 0.144660 0.071003 0.000506 0.000000 -0.000506 0.071078 0.139503 0.071003 -0.000506 
0.000000 0.000000 -0.000532 0.074819 0.152274 0.074740 0.000532 0.000000 -0.000532 0.074819 0.146845 0.074740 -0.000532 
0.000000 0.000000 -0.000559 0.078560 0.159887 0.078477 0.000559 0.000000 -0.000559 0.078560 0.154187 0.078477 -0.000559 
0.000000 0.000000 -0.000586 0.082301 0.167501 0.082214 0.000586 0.000000 -0.000586 0.082301 0.161529 0.082214 -0.000586 
0.000000 0.000000 -0.000612 0.086042 0.175115 0.085951 0.000612 0.000000 -0.000612 0.086042 0.168871 0.085951 -0.000612 
0.000000 0.000000 -0.000639 0.089783 0.182728 0.089688 0.000639 0.000000 -0.000639 0.089783 0.176214 0.089688 -0.000639 
0.000000 0.000000 -0.000665 0.093524 0.190342 0.093425 0.000665 0.000000 -0.000665 0.093524 0.183556 0.093425 -0.000665 
0.000000 0.000000 -0.000692 0.097264 0.197956 0.097162 0.000692 0.000000 -0.000692 0.097264 0.190898 0.097162 -0.000692 
0.000000 0.000000 -0.000719 0.101005 0.205569 0.100899 0.000719 0.000000 -0.000719 0.101005 0.198240 0.100899 -0.000719 
0.000000 0.000000 -0.000745 0.104746 0.213183 0.104636 0.000745 0.000000 -0.000745 0.104746 0.205583 0.104636 -0.000745 
0.000000 0.000000 -0.000772 0.108487 0.220797 0.108373 0.000772 0.000000 -0.000772 0.108487 0.212925 0.108373 -0.000772 
0.000000 0.000000 -0.000798 0.112228 0.228410 0.112110 0.000798 0.000000 -0.000798 0.112228 0.220267 0.112110 -0.000798 
0.000000 0.000000 -0.000825 0.115969 0.236024 0.115848 0.000825 0.000000 -0.000825 0.115969 0.227609 0.115848 -0.000825 
0.000000 0.000000 -0.000852 0.119710 0.243638 0.119585 0.000852 0.000000 -0.000852 0.119710 0.234952 0.119585 -0.000852 
0.000000 0.000000 -0.000878 0.123451 0.251251 0.123322 0.000878 0.000000 -0.000878 0.123451 0.242294 0.123322 -0.000878 
0.000000 0.000000 -0.000905 0.127192 0.258865 0.127059 0.000905 0.000000 -0.000905 0.127192 0.249636 0.127059 -0.000905 
0.000000 0.000000 -0.000932 0.130933 0.266479 0.130796 0.000932 0.000000 -0.000932 0.130933 0.256978 0.130796 -0.000932 
0.000000 0.000000 -0.000958 0.134674 0.274092 0.134533 0.000958 0.000000 -0.000958 0.134674 0.264321 0.134533 -0.000958 
0.000000 0.000000 -0.000985 0.138415 0.281706 0.138270 0.000985 0.000000 -0.000985 0.138415 0.271663 0.138270 -0.000985 
0.000000 0.000000 -0.001011 0.142156 0.289320 0.142007 0.001011 0.000000 -0.001011 0.142156 0.279005 0.142007 -0.001011 
0.000000 0.000000 -0.001038 0.145897 0.296933 0.145744 0.001038 0.000000 -0.001038 0.145897 0.286347 0.145744 -0.001038 
0.000000 0.000000 -0.001065 0.149638 0.304547 0.149481 0.001065 0.000000 -0.001065 0.149638 0.293689 0.149481 -0.001065 
0.000000 0.000000 -0.001091 0.153379 0.312161 0.153218 0.001091 0.000000 -0.001091 0.153379 0.301032 0.153218 -0.001091 
0.000000 0.000000 -0.001118 0.157120 0.319775 0.156955 0.001118 0.000000 -0.001118 0.157120 0.308374 0.156955 -0.001118 
0.000000 0.000000 -0.001144 0.160860 0.327388 0.160692 0.001144 0.000000 -0.001144 0.160860 0.315716 0.160692 -0.001144 
0.000000 0.000000 -0.001171 0.164601 0.335002 0.164429 0.001171 0.000000 -0.001171 0.164601 0.323058 0.164429 -0.001171 
0.000000 0.000000 -0.001198 0.168342 0.342616 0.168166 0.001198 0.000000 -0.001198 0.168342 0.330401 0.168166 -0.001198 
0.000000 0.000000 -0.001224 0.172083 0.350229 0.171903 0.001224 0.000000 -0.001224 0.172083 0.337743 0.171903 -0.001224 
0.000000 0.000000 -0.001251 0.175824 0.357843 0.175640 0.001251 0.000000 -0.001251 0.175824 0.345085 0.175640 -0.001251 
0.000000 0.000000 -0.001278 0.179565 0.365457 0.179377 0.001278 0.000000 -0.001278 0.179565 0.352427 0.179377 -0.001278 
0.000000 0.000000 -0.001304 0.183306 0.373070 0.183114 0.001304 0.000000 -0.001304 0.183306 0.359770 0.183114 -0.001304 
0.000000 0.000000 -0.001331 0.187047 0.380684 0.186851 0.001331 0.000000 -0.001331 0.187047 0.367112 0.186851 -0.001331 
0.000000 0.000000 -0.001357 0.190788 0.388298 0.190588 0.001357 0.000000 -0.001357 0.190788 0.374454 0.190588 -0.001357 
0.000000 0.000000 -0.001384 0.194529 0.395911 0.194325 0.001384 0.000000 -0.001384 0.194529 0.381796 0.194325 -0.001384 
0.000000 0.000000 -0.001411 0.198270 0.403525 0.198062 0.001411 0.000000 -0.001411 0.198270 0.389139 0.198062 -0.001411 
0.000000 0.000000 -0.001437 0.202011 0.411139 0.201799 0.001437 0.000000 -0.001437 0.202011 0.396481 0.201799 -0.001437 
0.000000 0.000000 -0.001464 0.205752 0.418752 0.205536 0.001464 0.000000 -0.001464 0.205752 0.403823 0.205536 -0.001464 
0.000000 0.000000 -0.001490 0.209493 0.426366 0.209273 0.001490 0.000000 -0.001490 0.209493 0.411165 0.209273 -0.001490 
0.000000 0.000000 -0.001517 0.213234 0.433980 0.213010 0.001517 0.000000 -0.001517 0.213234 0.418508 0.213010 -0.001517 
0.000000 0.000000 -0.001544 0.216975 0.441593 0.216747 0.001544 0.000000 -0.001544 0.216975 0.425850 0.216747 -0.001544 
0.000000 0.000000 -0.001570 0.220716 0.449207 0.220484 0.001570 0.000000 -0.001570 0.220716 0.433192 0.220484 -0.001570 
0.000000 0.000000 -0.001597 0.224457 0.456821 0.224221 0.001597 0.000000 -0.001597 0.224457 0.440534 0.224221 -0.001597 
0.000000 0.000000 -0.001624 0.228197 0.464434 0.227958 0.001624 0.000000 -0.001624 0.228197 0.447876 0.227958 -0.001624 
0.000000 0.000000 -0.001650 0.231938 0.472048 0.231695 0.001650 0.000000 -0.001650 0.231938 0.455219 0.231695 -0.001650 
0.000000 0.000000 -0.001677 0.235679 0.479662 0.235432 0.001677 0.000000 -0.001677 0.235679 0.462561 0.235432 -0.001677 
0.000000 0.000000 -0.001703 0.239420 0.487275 0.239169 0.001703 0.000000 -0.001703 0.239420 0.469903 0.239169 -0.001703 
0.000000 0.000000 -0.001730 0.243161 0.494889 0.242906 0.001730 0.000000 -0.001730 0.243161 0.477245 0.242906 -0.001730 
0.000000 0.000000 -0.001757 0.246902 0.502503 0.246643 0.001757 0.000000 -0.001757 0.246902 0.484588 0.246643 -0.001757 
0.000000 0.000000 -0.001783 0.250643 0.510116 0.250380 0.001783 0.000000 -0.001783 0.250643 0.491930 0.250380 -0.001783 
0.000000 0.000000 -0.001810 0.254384 0.517730 0.254117 0.001810 0.000000 -0.001810 0.254384 0.499272 0.254117 -0.001810 
0.000000 0.000000 -0.001836 0.258125 0.525344 0.257854 0.001836 0.000000 -0.001836 0.258125 0.506614 0.257854 -0.001836 
0.000000 0.000000 -0.001863 0.261866 0.532958 0.261591 0.001863 0.000000 -0.001863 0.261866 0.513957 0.261591 -0.001863 
0.000000 0.000000 -0.001890 0.265607 0.540571 0.265328 0.001890 0.000000 -0.001890 0.265607 0.521299 0.265328 -0.001890 
0.000000 0.000000 -0.001916 0.269348 0.548185 0.269065 0.001916 0.000000 -0.001916 0.269348 0.528641 0.269065 -0.001916 
0.000000 0.000000 -0.001943 0.273089 0.555799 0.272802 0.001943 0.000000 -0.001943 0.273089 0.535983 0.272802 -0.001943 
0.000000 0.000000 -0.001970 0.276830 0.563412 0.276539 0.001970 0.000000 -0.001970 0.276830 0.543326 0.276539 -0.001970 
0.000000 0.000000 -0.001996 0.280571 0.571026 0.280276 0.001996 0.000000 -0.001996 0.280571 0.550668 0.280276 -0.001996 
0.000000 0.000000 -0.002023 0.284312 0.578640 0.284013 0.002023 0.000000 -0.002023 0.284312 0.558010 0.284013 -0.002023 
0.000000 0.000000 -0.002049 0.288053 0.586253 0.287750 0.002049 0.000000 -0.002049 0.288053 0.565352 0.287750 -0.002049 
0.000000 0.000000 -0.002076 0.291793 0.593867 0.291487 0.002076 0.000000 -0.002076 0.291793 0.572695 0.291487 -0.002076 
0.000000 0.000000 -0.002103 0.295534 0.601481 0.295224 0.002103 0.000000 -0.002103 0.295534 0.580037 0.295224 -0.002103 
0.000000 0.000000 -0.002129 0.299275 0.609094 0.298961 0.002129 0.000000 -0.002129 0.299275 0.587379 0.298961 -0.002129 
0.000000 0.000000 -0.002156 0.303016 0.616708 0.302698 0.002156 0.000000 -0.002156 0.303016 0.594721 0.302698 -0.002156 
0.000000 0.000000 -0.002182 0.306757 0.624322 0.306435 0.002182 0.000000 -0.002182 0.306757 0.602063 0.306435 -0.002182 
0.000000 0.000000 -0.002209 0.310498 0.631935 0.310172 0.002209 0.000000 -0.002209 0.310498 0.609406 0.310172 -0.002209 
0.000000 0.000000 -0.002236 0.314239 0.639549 0.313909 0.002236 0.000000 -0.002236 0.314239 0.616748 0.313909 -0.002236 
0.000000 0.000000 -0.002262 0.317980 0.647163 0.317646 0.002262 0.000000 -0.002262 0.317980 0.624090 0.317646 -0.002262 
0.000000 0.000000 -0.002289 0.321721 0.654776 0.321383 0.002289 0.000000 -0.002289 0.321721 0.631432 0.321383 -0.002289 
0.000000 0.000000 -0.002316 0.325462 0.662390 0.325120 0.002316 0.000000 -0.002316 0.325462 0.638775 0.325120 -0.002316 
0.000000 0.000000 -0.002342 0.329203 0.670004 0.328857 0.002342 0.000000 -0.002342 0.329203 0.646117 0.328857 -0.002342 
0.000000 0.000000 -0.002369 0.332944 0.677617 0.332594 0.002369 0.000000 -0.002369 0.332944 0.653459 0.332594 -0.002369 
0.000000 0.000000 -0.002395 0.336685 0.685231 0.336331 0.002395 0.000000 -0.002395 0.336685 0.660801 0.336331 -0.002395 
0.000000 0.000000 -0.002422 0.340426 0.692845 0.340068 0.002422 0.000000 -0.002422 0.340426 0.668144 0.340068 -0.002422 
0.000000 0.000000 -0.002449 0.344167 0.700458 0.343805 0.002449 0.000000 -0.002449 0.344167 0.675486 0.343805 -0.002449 
0.000000 0.000000 -0.002475 0.347908 0.708072 0.347543 0.002475 0.000000 -0.002475 0.347908 0.682828 0.347543 -0.002475 
0.000000 0.000000 -0.002502 0.351649 0.715686 0.351280 0.002502 0.000000 -0.002502 0.351649 0.690170 0.351280 -0.002502 
0.000000 0.000000 -0.002528 0.355389 0.723299 0.355017 0.002528 0.000000 -0.002528 0.355389 0.697513 0.355017 -0.002528 
0.000000 0.000000 -0.002555 0.359130 0.730913 0.358754 0.002555 0.000000 -0.002555 0.359130 0.704855 0.358754 -0.002555 
0.000000 0.000000 -0.002582 0.362871 0.738527 0.362491 0.002582 0.000000 -0.002582 0.362871 0.712197 0.362491 -0.002582 
0.000000 0.000000 -0.002608 0.366612 0.746141 0.366228 0.002608 0.000000 -0.002608 0.366612 0.719539 0.366228 -0.002608 
0.000000 0.000000 -0.002635 0.370353 0.753754 0.369965 0.002635 0.000000 -0.002635 0.370353 0.726881 0.369965 -0.002635 
0.000000 0.000000 -0.002662 0.374094 0.761368 0.373702 0.002662 0.000000 -0.002662 0.374094 0.734224 0.373702 -0.002662 
0.000000 0.000000 -0.002688 0.377835 0.768982 0.377439 0.002688 0.000000 -0.002688 0.377835 0.741566 0.377439 -0.002688 
0.000000 0.000000 -0.002688 0.377835 0.768982 0.377439 0.002688 0.000000 -0.002688 0.377835 0.741566 0.377439 -0.002688 
0.000000 0.000000 -0.002688 0.377835 0.768982 0.377439 0.002688 0.000000 -0.002688 0.377835 0.741566 0.377439 -0.002688 
0.000000 0.000000 -0.002688 0.377835 0.768982 0.377439 0.002688 0.000000 -0.002688 0.377835 0.741566 0.377439 -0.002688 
0.000000 0.000000 -0.002688 0.377835 0.768982 0.377439 0.002688 0.000000 -0.002688 0.377835 0.741566 0.377439 -0.002688 
0.000000 0.000000 -0.002688 0.377835 0.768982 0.377439 0.002688 0.000000 -0.002688 0.377835 0.741566 0.377439 -0.002688 
0.000000 0.000000 -0.002688 0.377835 0.768982 0.377439 0.002688 0.000000 -0.002688 0.377835 0.741566 0.377439 -0.002688 
0.000000 0.000000 -0.002688 0.377835 0.768982 0.377439 0.002688 0.000000 -0.002688 0.377835 0.741566 0.377439 -0.002688 
0.000000 0.000000 -0.002688 0.377835 0.768982 0.377439 0.002688 0.000000 -0.002688 0.377835 0.741566 0.377439 -0.002688 
0.000000 0.000000 -0.002688 0.377835 0.768982 0.377439 0.002688 0.000000 -0.002688 0.377835 0.741566 0.377439 -0.002688 
0.000000 0.000000 -0.002688 0.377835 0.768982 0.377439 0.002688 0.000000 -0.002688 0.377835 0.741566 0.377439 -0.002688 
0.000000 0.000000 -0.002688 0.377835 0.768982 0.377439 0.002688 0.000000 -0.002688 0.377835 0.741566 0.377439 -0.002688 
0.000000 0.000000 -0.002688 0.377835 0.768982 0.377439 0.002688 0.000000 -0.002688 0.377835 0.741566 0.377439 -0.002688 
0.000000 0.000000 -0.002688 0.377835 0.768982 0.377439 0.002688 0.000000 -0.002688 0.377835 0.741566 0.377439 -0.002688 
0.000000 0.000000 -0.002688 0.377835 0.768982 0.377439 0.002688 0.000000 -0.002688 0.377835 0.741566 0.377439 -0.002688 
0.000000 0.000000 -0.002688 0.377835 0.768982 0.377439 0.002688 0.000000 -0.002688 0.377835 0.741566 0.377439 -0.002688 
0.000000 0.000000 -0.002688 0.377835 0.768982 0.377439 0.002688 0.000000 -0.002688 0.377835 0.741566 0.377439 -0.002688 
0.000000 0.000000 -0.002688 0.377835 0.768982 0.377439 0.002688 0.000000 -0.002688 0.377835 0.741566 0.377439 -0.002688 
0.000000 0.000000 -0.002688 0.377835 0.768982 0.377439 0.002688 0.000000 -0.002688 0.377835 0.741566 0.377439 -0.002688 
0.000000 0.000000 -0.002688 0.377835 0.768982 0.377439 0.002688 0.000000 -0.002688 0.377835 0.741566 0.377439 -0.002688 
0.000000 0.000000 -0.002688 0.377835 0.768982 0.377439 0.002688 0.000000 -0.002688 0.377835 0.741566 0.377439 -0.002688 
0.000000 0.000000 -0.002688 0.377835 0.768982 0.377439 0.002688 0.000000 -0.002688 0.377835 0.741566 0.377439 -0.002688 
0.000000 0.000000 -0.002688 0.377835 0.768982 0.377439 0.002688 0.000000 -0.002688 0.377835 0.741566 0.377439 -0.002688 
0.000000 0.000000 -0.002688 0.377835 0.768982 0.377439 0.002688 0.000000 -0.002688 0.377835 0.741566 0.377439 -0.002688 
0.000000 0.000000 -0.002688 0.377835 0.768982 0.377439 0.002688 0.000000 -0.002688 0.377835 0.741566 0.377439 -0.002688 
0.000000 0.000000 -0.002688 0.377835 0.768982 0.377439 0.002688 0.000000 -0.002688 0.377835 0.741566 0.377439 -0.002688 
0.000000 0.000000 -0.002688 0.377835 0.768982 0.377439 0.002688 0.000000 -0.002688 0.377835 0.741566 0.377439 -0.002688 
0.000000 0.000000 -0.002688 0.377835 0.768982 0.377439 0.002688 0.000000 -0.002688 0.377835 0.741566 0.377439 -0.002688 
0.000000 0.000000 -0.002688 0.377835 0.768982 0.377439 0.002688 0.000000 -0.002688 0.377835 0.741566 0.377439 -0.002688 
0.000000 0.000000 -0.002688 0.377835 0.768982 0.377439 0.002688 0.000000 -0.002688 0.377835 0.741566 0.377439 -0.002688 
0.000000 0.000000 -0.002688 0.377835 0.768982 0.377439 0.002688 0.000000 -0.002688 0.377835 0.741566 0.377439 -0.002688 
0.000000 0.000000 -0.002688 0.377835 0.768982 0.377439 0.002688 0.000000 -0.002688 0.377835 0.741566 0.377439 -0.002688 
0.000000 0.000000 -0.002688 0.377835 0.768982 0.377439 0.002688 0.000000 -0.002688 0.377835 0.741566 0.377439 -0.002688 
0.000000 0.000000 -0.002688 0.377835 0.768982 0.377439 0.002688 0.000000 -0.002688 0.377835 0.741566 0.377439 -0.002688 
0.000000 0.000000 -0.002688 0.377835 0.768982 0.377439 0.002688 0.000000 -0.002688 0.377835 0.741566 0.377439 -0.002688 
0.000000 0.000000 -0.002688 0.377835 0.768982 0.377439 0.002688 0.000000 -0.002688 0.377835 0.741566 0.377439 -0.002688 
0.000000 0.000000 -0.002688 0.377835 0.768982 0.377439 0.002688 0.000000 -0.002688 0.377835 0.741566 0.377439 -0.002688 
0.000000 0.000000 -0.002688 0.377835 0.768982 0.377439 0.002688 0.000000 -0.002688 0.377835 0.741566 0.377439 -0.002688 
0.000000 0.000000 -0.002688 0.377835 0.768982 0.377439 0.002688 0.000000 -0.002688 0.377835 0.741566 0.377439 -0.002688 
0.000000 0.000000 -0.002688 0.377835 0.768982 0.377439 0.002688 0.000000 -0.002688 0.377835 0.741566 0.377439 -0.002688 
0.000000 0.000000 -0.002688 0.377835 0.768982 0.377439 0.002688 0.000000 -0.002688 0.377835 0.741566 0.377439 -0.002688 
0.000000 0.000000 -0.002688 0.377835 0.768982 0.377439 0.002688 0.000000 -0.002688 0.377835 0.741566 0.377439 -0.002688 
0.000000 0.000000 -0.002688 0.377835 0.768982 0.377439 0.002688 0.000000 -0.002688 0.377835 0.741566 0.377439 -0.002688 
0.000000 0.000000 -0.002688 0.377835 0.768982 0.377439 0.002688 0.000000 -0.002688 0.377835 0.741566 0.377439 -0.002688 
0.000000 0.000000 -0.002688 0.377835 0.768982 0.377439 0.002688 0.000000 -0.002688 0.377835 0.741566 0.377439 -0.002688 
0.000000 0.000000 -0.002688 0.377835 0.768982 0.377439 0.002688 0.000000 -0.002688 0.377835 0.741566 0.377439 -0.002688 
0.000000 0.000000 -0.002688 0.377835 0.768982 0.377439 0.002688 0.000000 -0.002688 0.377835 0.741566 0.377439 -0.002688 
0.000000 0.000000 -0.002688 0.377835 0.768982 0.377439 0.002688 0.000000 -0.002688 0.377835 0.741566 0.377439 -0.002688 
0.000000 0.000000 -0.002688 0.377835 0.768982 0.377439 0.002688 0.000000 -0.002688 0.377835 0.741566 0.377439 -0.002688 
0.000000 0.000000 -0.002688 0.377835 0.768982 0.377439 0.002688 0.000000 -0.002688 0.377835 0.741566 0.377439 -0.002688 
0.000000 0.000000 -0.002688 0.377835 0.768982 0.377439 0.002688 0.000000 -0.002688 0.377835 0.741566 0.377439 -0.002688 
0.000000 0.000000 -0.002688 0.377835 0.768982 0.377439 0.002688 0.000000 -0.002688 0.377835 0.741566 0.377439 -0.002688 
0.000000 0.000000 -0.002688 0.377835 0.768982 0.377439 0.002688 0.000000 -0.002688 0.377835 0.741566 0.377439 -0.002688 
0.000000 0.000000 -0.002688 0.377835 0.768982 0.377439 0.002688 0.000000 -0.002688 0.377835 0.741566 0.377439 -0.002688 
0.000000 0.000000 -0.002688 0.377835 0.768982 0.377439 0.002688 0.000000 -0.002688 0.377835 0.741566 0.377439 -0.002688 
0.000000 0.000000 -0.002688 0.377835 0.768982 0.377439 0.002688 0.000000 -0.002688 0.377835 0.741566 0.377439 -0.002688 
0.000000 0.000000 -0.002688 0.377835 0.768982 0.377439 0.002688 0.000000 -0.002688 0.377835 0.741566 0.377439 -0.002688 
0.000000 0.000000 0.007571 0.377772 0.768855 0.377376 -0.007571 0.000000 -0.012946 0.377633 0.741162 0.377237 -0.012946 
0.000000 0.000000 0.017787 0.377445 0.768202 0.377049 -0.017787 0.000000 -0.023161 0.377167 0.740230 0.376771 -0.023161 
0.000000 0.000000 0.027920 0.376860 0.767032 0.376464 -0.027920 0.000000 -0.033291 0.376443 0.738784 0.376048 -0.033291 
0.000000 0.000000 0.037926 0.376025 0.765363 0.375631 -0.037926 0.000000 -0.043293 0.375471 0.736841 0.375078 -0.043293 
0.000000 0.000000 0.047764 0.374954 0.763222 0.374561 -0.047764 0.000000 -0.053127 0.374264 0.734428 0.373872 -0.053127 
0.000000 0.000000 0.057394 0.373662 0.760640 0.373270 -0.057394 0.000000 -0.063057 0.385064 0.755948 0.384592 -0.063057 
0.000000 0.000000 0.066778 0.372169 0.757656 0.371779 -0.066778 0.000000 -0.072878 0.397041 0.779416 0.396083 -0.072878 
0.000000 0.000000 0.075877 0.370498 0.754315 0.370110 -0.075877 0.000000 -0.082613 0.411632 0.807296 0.409372 -0.082613 
0.000000 0.000000 0.084655 0.368673 0.750668 0.368287 -0.084655 0.000000 -0.092301 0.429892 0.841289 0.425105 -0.092301 
0.000000 0.000000 0.093077 0.366723 0.746770 0.366339 -0.093077 0.000000 -0.101989 0.452430 0.882207 0.443484 -0.101989 
0.000000 0.000000 0.101111 0.364677 0.742680 0.364296 -0.101111 0.000000 -0.111722 0.479414 0.929966 0.464260 -0.111722 
0.000000 0.000000 0.108725 0.362567 0.738463 0.362188 -0.108725 0.000000 -0.121534 0.510627 0.983713 0.486794 -0.121534 
0.000000 0.000000 0.115892 0.360427 0.734186 0.360051 -0.115892 0.000000 -0.131444 0.545572 1.042028 0.510163 -0.131444 
0.000000 0.000000 0.122584 0.358291 0.729915 0.357917 -0.122584 0.000000 -0.141440 0.583577 1.103141 0.533272 -0.141440 
0.000000 0.000000 0.128776 0.356192 0.725721 0.355821 -0.128776 0.000000 -0.151479 0.623882 1.165135 0.554961 -0.151479 
0.000000 0.000000 0.134446 0.354166 0.721671 0.353797 -0.134446 0.000000 -0.161479 0.665710 1.226095 0.574092 -0.161479 
0.000000 0.000000 0.139573 0.352247 0.717834 0.351880 -0.139573 0.000000 -0.171313 0.708298 1.284219 0.589630 -0.171313 
0.000000 0.000000 0.144140 0.350466 0.714274 0.350100 -0.144140 0.000000 -0.180818 0.750923 1.337908 0.600694 -0.180818 
0.000000 0.000000 0.148129 0.348853 0.711051 0.348490 -0.148129 0.000000 -0.189799 0.792911 1.385819 0.606616 -0.189799 
0.000000 0.000000 0.151529 0.347438 0.708222 0.347076 -0.151529 0.000000 -0.198043 0.833650 1.426916 0.606974 -0.198043 
0.000000 0.000000 0.154326 0.346244 0.705835 0.345883 -0.154326 0.000000 -0.205343 0.872596 1.460509 0.601621 -0.205343 
0.000000 0.000000 0.156511 0.345292 0.703933 0.344933 -0.156511 0.000000 -0.211517 0.909304 1.486280 0.590684 -0.211517 
0.000000 0.000000 0.158078 0.344600 0.702549 0.344241 -0.158078 0.000000 -0.216430 0.943456 1.504298 0.574550 -0.216430 
0.000000 0.000000 0.159019 0.344180 0.701709 0.343822 -0.159019 0.000000 -0.220014 0.974896 1.515018 0.553829 -0.220014 
0.000000 0.000000 0.159334 0.344039 0.701427 0.343681 -0.159334 0.000000 -0.222270 1.003667 1.519264 0.529304 -0.222270 
0.000000 0.000000 0.159019 0.338944 0.701633 0.348982 -0.159019 0.000000 -0.223269 1.025277 1.521818 0.510249 -0.223269 
0.000000 0.000000 0.158078 0.333987 0.702244 0.354549 -0.158078 0.000000 -0.223138 1.045320 1.521170 0.489558 -0.223138 
0.000000 0.000000 0.156511 0.329092 0.703233 0.360434 -0.156511 0.000000 -0.221032 1.058933 1.510478 0.465253 -0.221032 
0.000000 0.000000 0.154326 0.324176 0.704560 0.366676 -0.154326 0.000000 -0.218039 1.071632 1.499098 0.441174 -0.218039 
0.000000 0.000000 0.151529 0.319152 0.706165 0.373306 -0.151529 0.000000 -0.214074 1.082674 1.486438 0.417472 -0.214074 
0.000000 0.000000 0.148129 0.313929 0.707977 0.380340 -0.148129 0.000000 -0.209076 1.091388 1.472018 0.394338 -0.209076 
0.000000 0.000000 0.144140 0.308413 0.709907 0.387786 -0.144140 0.000000 -0.203014 1.097231 1.455523 0.372000 -0.203014 
0.000000 0.000000 0.139573 0.302512 0.711857 0.395637 -0.139573 0.000000 -0.195899 1.099826 1.436834 0.350716 -0.195899 
0.000000 0.000000 0.134446 0.296130 0.713712 0.403874 -0.134446 0.000000 -0.187783 1.098982 1.416036 0.330762 -0.187783 
0.000000 0.000000 0.128776 0.289178 0.715352 0.412467 -0.128776 0.000000 -0.178755 1.094709 1.393421 0.312420 -0.178755 
0.000000 0.000000 0.122584 0.281566 0.716645 0.421372 -0.122584 0.000000 -0.168933 1.087209 1.369479 0.295977 -0.168933 
0.000000 0.000000 0.115892 0.273212 0.717453 0.430534 -0.115892 0.000000 -0.158453 1.076862 1.344876 0.281722 -0.158453 
0.000000 0.000000 0.108725 0.264040 0.717634 0.439887 -0.108725 0.000000 -0.147455 1.064191 1.320426 0.269943 -0.147455 
0.000000 0.000000 0.101111 0.253979 0.717042 0.449355 -0.101111 0.000000 -0.136072 1.049825 1.297042 0.260925 -0.136072 
0.000000 0.000000 0.093077 0.242971 0.715530 0.458851 -0.093077 0.000000 -0.124421 1.034447 1.275681 0.254942 -0.124421 
0.000000 0.000000 0.084655 0.230963 0.712951 0.468280 -0.084655 0.000000 -0.112595 1.018742 1.257272 0.252238 -0.112595 
0.000000 0.000000 0.075877 0.217913 0.709161 0.477540 -0.075877 0.000000 -0.100661 1.003331 1.242625 0.253002 -0.100661 
0.000000 0.000000 0.066778 0.203792 0.704021 0.486521 -0.066778 0.000000 -0.088660 0.988727 1.232355 0.257336 -0.088660 
0.000000 0.000000 0.057394 0.188577 0.697396 0.495111 -0.057394 0.000000 -0.076614 0.975280 1.226795 0.265223 -0.076614 
0.000000 0.000000 0.047764 0.172259 0.689159 0.503192 -0.047764 0.000000 -0.064526 0.963155 1.225947 0.276500 -0.064526 
0.000000 0.000000 0.037926 0.154835 0.679189 0.510646 -0.037926 0.000000 -0.052388 0.952319 1.229458 0.290847 -0.052388 
0.000000 0.000000 0.027920 0.136313 0.667372 0.517351 -0.027920 0.000000 -0.040191 0.942559 1.236641 0.307790 -0.040191 
0.000000 0.000000 0.017787 0.116706 0.653602 0.523188 -0.017787 0.000000 -0.027927 0.933519 1.246525 0.326714 -0.027927 
0.000000 0.000000 0.007571 0.096033 0.637779 0.528038 -0.007571 0.000000 -0.015604 0.924745 1.257935 0.346898 -0.015604 
0.000000 0.000000 -0.002688 0.074312 0.619802 0.531782 0.002688 0.000000 -0.003240 0.915749 1.269588 0.367546 -0.003240 
0.000000 0.000000 -0.012946 0.051564 0.599574 0.534302 0.012946 0.000000 0.009124 0.906143 1.280388 0.387952 0.009124 
0.000000 0.000000 -0.023161 0.027801 0.576986 0.535477 0.023161 0.000000 0.021436 0.895906 1.290092 0.407893 0.021436 
0.000000 0.000000 -0.033291 0.003024 0.551914 0.535182 0.033291 0.000000 0.033644 0.885117 1.298684 0.427275 0.033644 
0.000000 0.000000 -0.043293 -0.022785 0.524206 0.533283 0.043293 0.000000 0.045697 0.873863 1.306167 0.446011 0.045697 
0.000000 0.000000 -0.053127 -0.049677 0.493652 0.529621 0.053127 0.000000 0.057545 0.862237 1.312557 0.464028 0.057545 
0.000000 0.000000 -0.063511 -0.037251 0.547624 0.571168 0.063511 0.000000 0.069136 0.850337 1.317889 0.481260 0.069136 
0.000000 0.000000 -0.073938 -0.025350 0.599876 0.611518 0.073938 0.000000 0.080426 0.838262 1.322211 0.497656 0.080426 
0.000000 0.000000 -0.084439 -0.011514 0.654894 0.652700 0.084439 0.000000 0.091366 0.826114 1.325586 0.513180 0.091366 
0.000000 0.000000 -0.095058 0.005783 0.715336 0.695845 0.095058 0.000000 0.101914 0.813988 1.328085 0.527805 0.101914 
0.000000 0.000000 -0.105855 0.027337 0.782394 0.741349 0.105855 0.000000 0.112029 0.801976 1.329792 0.541524 0.112029 
0.000000 0.000000 -0.116892 0.053393 0.856119 0.789018 0.116892 0.000000 0.121670 0.790164 1.330795 0.554339 0.121670 
0.000000 0.000000 -0.128224 0.083834 0.935761 0.838220 0.128224 0.000000 0.130802 0.778628 1.331188 0.566268 0.130802 
0.000000 0.000000 -0.139894 0.118354 1.020078 0.888017 0.139894 0.000000 0.139390 0.767435 1.331068 0.577341 0.139390 
0.000000 0.000000 -0.151915 0.156590 1.107578 0.937280 0.151915 0.000000 0.147403 0.756639 1.330532 0.587600 0.147403 
0.000000 0.000000 -0.164265 0.198217 1.196687 0.984762 0.164265 0.000000 0.154813 0.746284 1.329674 0.597098 0.154813 
0.000000 0.000000 -0.176874 0.242996 1.285857 1.029154 0.176874 0.000000 0.161594 0.736400 1.328589 0.605897 0.161594 
0.000000 0.000000 -0.189620 0.290797 1.373625 1.069121 0.189620 0.000000 0.167721 0.727004 1.327363 0.614066 0.167721 
0.000000 0.000000 -0.202321 0.341588 1.458643 1.103347 0.202321 0.000000 0.173176 0.718102 1.326077 0.621683 0.173176 
0.000000 0.000000 -0.214744 0.395408 1.539694 1.130578 0.214744 0.000000 0.177938 0.709686 1.324807 0.628828 0.177938 
0.000000 0.000000 -0.226614 0.452313 1.615703 1.149682 0.226614 0.000000 0.181994 0.701735 1.323617 0.635589 0.181994 
0.000000 0.000000 -0.235316 0.507311 1.669954 1.148935 0.235316 0.000000 0.183856 0.683903 1.302352 0.632157 0.183856 
0.000000 0.000000 -0.242625 0.565150 1.717992 1.139134 0.242625 0.000000 0.184970 0.666428 1.280990 0.628269 0.184970 
0.000000 0.000000 -0.248359 0.625203 1.759011 1.120100 0.248359 0.000000 0.185347 0.649246 1.259554 0.624016 0.185347 
0.000000 0.000000 -0.252424 0.686674 1.792526 1.092144 0.252424 0.000000 0.184996 0.632285 1.238063 0.619486 0.184996 
0.000000 0.000000 -0.254823 0.748643 1.818414 1.056063 0.254823 0.000000 0.183931 0.615467 1.216520 0.614761 0.183931 
0.000000 0.000000 -0.255652 0.810157 1.836959 1.013094 0.255652 0.000000 0.182166 0.598712 1.194920 0.609915 0.182166 
0.000000 0.000000 -0.255079 0.870347 1.848856 0.964802 0.255079 0.000000 0.179718 0.581936 1.173245 0.605017 0.179718 
0.000000 0.000000 -0.250114 0.918863 1.836031 0.903460 0.250114 0.000000 0.176603 0.565052 1.151468 0.600124 0.176603 
0.000000 0.000000 -0.244269 0.963423 1.818590 0.841459 0.244269 0.000000 0.172844 0.547972 1.129545 0.595281 0.172844 
0.000000 0.000000 -0.237496 1.002944 1.796266 0.779614 0.237496 0.000000 0.168460 0.530605 1.107423 0.590525 0.168460 
0.000000 0.000000 -0.229771 1.036540 1.769034 0.718786 0.229771 0.000000 0.163477 0.512862 1.085032 0.585877 0.163477 
0.000000 0.000000 -0.221104 1.063593 1.737126 0.659826 0.221104 0.000000 0.157918 0.494653 1.062289 0.581344 0.157918 
0.000000 0.000000 -0.211537 1.083781 1.701007 0.603518 0.211537 0.000000 0.151812 0.475886 1.039097 0.576918 0.151812 
0.000000 0.000000 -0.201147 1.097081 1.661336 0.550548 0.201147 0.000000 0.145186 0.456472 1.015339 0.572575 0.145186 
0.000000 0.000000 -0.190039 1.103743 1.618935 0.501484 0.190039 0.000000 0.138071 0.436321 0.990886 0.568272 0.138071 
0.000000 0.000000 -0.178335 1.104250 1.574737 0.456779 0.178335 0.000000 0.130500 0.415342 0.965585 0.563951 0.130500 
0.000000 0.000000 -0.166166 1.099266 1.529752 0.416778 0.166166 0.000000 0.122505 0.393444 0.939266 0.559530 0.122505 
0.000000 0.000000 -0.153664 1.089574 1.485022 0.381741 0.153664 0.000000 0.114122 0.370535 0.911738 0.554911 0.114122 
0.000000 0.000000 -0.140946 1.076027 1.441581 0.351846 0.140946 0.000000 0.105387 0.346518 0.882782 0.549972 0.105387 
0.000000 0.000000 -0.128115 1.059492 1.400407 0.327208 0.128115 0.000000 0.096338 0.321290 0.852148 0.544566 0.096338 
0.000000 0.000000 -0.115252 1.040796 1.362371 0.307867 0.115252 0.000000 0.087013 0.294740 0.819553 0.538521 0.087013 
0.000000 0.000000 -0.102416 1.020690 1.328180 0.293782 0.102416 0.000000 0.077453 0.266737 0.784662 0.531632 0.077453 
0.000000 0.000000 -0.089646 0.999801 1.298321 0.284812 0.089646 0.000000 0.067697 0.237129 0.747078 0.523657 0.067697 
0.000000 0.000000 -0.076965 0.978610 1.273012 0.280694 0.076965 0.000000 0.057787 0.205722 0.706313 0.514299 0.057787 
0.000000 0.000000 -0.064381 0.957431 1.252162 0.281023 0.064381 0.000000 0.047764 0.172259 0.661743 0.503192 0.047764 
0.000000 0.000000 -0.052326 0.949271 1.256092 0.293113 0.052326 0.000000 0.037926 0.154835 0.651773 0.510646 0.037926 
0.000000 0.000000 -0.040170 0.941228 1.263660 0.308725 0.040170 0.000000 0.027920 0.136313 0.639956 0.517351 0.027920 
0.000000 0.000000 -0.027923 0.933112 1.273805 0.326985 0.027923 0.000000 0.017787 0.116706 0.626187 0.523188 0.017787 
0.000000 0.000000 -0.015603 0.924693 1.285332 0.346931 0.015603 0.000000 0.007571 0.096033 0.610363 0.528038 0.007571 
0.000000 0.000000 -0.003240 0.915749 1.297004 0.367546 0.003240 0.000000 -0.002688 0.074312 0.592387 0.531782 -0.002688 
0.000000 0.000000 0.009124 0.906143 1.307803 0.387952 -0.009124 0.000000 -0.012946 0.051564 0.572158 0.534302 -0.012946 
0.000000 0.000000 0.021436 0.895906 1.317507 0.407893 -0.021436 0.000000 -0.023161 0.027801 0.549570 0.535477 -0.023161 
0.000000 0.000000 0.033644 0.885117 1.326100 0.427275 -0.033644 0.000000 -0.033291 0.003024 0.524499 0.535182 -0.033291 
0.000000 0.000000 0.045697 0.873863 1.333582 0.446011 -0.045697 0.000000 -0.043293 -0.022785 0.496790 0.533283 -0.043293 
0.000000 0.000000 0.057545 0.862237 1.339972 0.464028 -0.057545 0.000000 -0.053127 -0.049677 0.466237 0.529621 -0.053127 
0.000000 0.000000 0.069136 0.850337 1.345304 0.481260 -0.069136 0.000000 -0.063511 -0.037251 0.520209 0.571168 -0.063511 
0.000000 0.000000 0.080426 0.838262 1.349627 0.497656 -0.080426 0.000000 -0.073938 -0.025350 0.572461 0.611518 -0.073938 
0.000000 0.000000 0.091366 0.826114 1.353001 0.513180 -0.091366 0.000000 -0.084439 -0.011514 0.627478 0.652700 -0.084439 
0.000000 0.000000 0.101914 0.813988 1.355501 0.527805 -0.101914 0.000000 -0.095058 0.005783 0.687920 0.695845 -0.095058 
0.000000 0.000000 0.112029 0.801976 1.357208 0.541524 -0.112029 0.000000 -0.105855 0.027337 0.754978 0.741349 -0.105855 
0.000000 0.000000 0.121670 0.790164 1.358211 0.554339 -0.121670 0.000000 -0.116892 0.053393 0.828703 0.789018 -0.116892 
0.000000 0.000000 0.130802 0.778628 1.358604 0.566268 -0.130802 0.000000 -0.128224 0.083834 0.908346 0.838220 -0.128224 
0.000000 0.000000 0.139390 0.767435 1.358484 0.577341 -0.139390 0.000000 -0.139894 0.118354 0.992663 0.888017 -0.139894 
0.000000 0.000000 0.147403 0.756639 1.357947 0.587600 -0.147403 0.000000 -0.151915 0.156590 1.080162 0.937280 -0.151915 
0.000000 0.000000 0.154813 0.746284 1.357090 0.597098 -0.154813 0.000000 -0.164265 0.198217 1.169272 0.984762 -0.164265 
0.000000 0.000000 0.161594 0.736400 1.356004 0.605897 -0.161594 0.000000 -0.176874 0.242996 1.258442 1.029154 -0.176874 
0.000000 0.000000 0.167721 0.727004 1.354778 0.614066 -0.167721 0.000000 -0.189620 0.290797 1.346210 1.069121 -0.189620 
0.000000 0.000000 0.173176 0.718102 1.353493 0.621683 -0.173176 0.000000 -0.202321 0.341588 1.431227 1.103347 -0.202321 
0.000000 0.000000 0.177938 0.709686 1.352222 0.628828 -0.177938 0.000000 -0.214744 0.395408 1.512279 1.130578 -0.214744 
0.000000 0.000000 0.181994 0.701735 1.351032 0.635589 -0.181994 0.000000 -0.226614 0.452313 1.588288 1.149682 -0.226614 
0.000000 0.000000 0.183856 0.683903 1.329768 0.632157 -0.183856 0.000000 -0.235316 0.507311 1.642539 1.148935 -0.235316 
0.000000 0.000000 0.184970 0.666428 1.308405 0.628269 -0.184970 0.000000 -0.242625 0.565150 1.690576 1.139134 -0.242625 
0.000000 0.000000 0.185347 0.649246 1.286970 0.624016 -0.185347 0.000000 -0.248359 0.625203 1.731596 1.120100 -0.248359 
0.000000 0.000000 0.184996 0.632285 1.265478 0.619486 -0.184996 0.000000 -0.252424 0.686674 1.765110 1.092144 -0.252424 
0.000000 0.000000 0.183931 0.615467 1.243935 0.614761 -0.183931 0.000000 -0.254823 0.748643 1.790998 1.056063 -0.254823 
0.000000 0.000000 0.182166 0.598712 1.222335 0.609915 -0.182166 0.000000 -0.255652 0.810157 1.809543 1.013094 -0.255652 
0.000000 0.000000 0.179718 0.581936 1.200661 0.605017 -0.179718 0.000000 -0.255079 0.870347 1.821441 0.964802 -0.255079 
0.000000 0.000000 0.176603 0.565052 1.178883 0.600124 -0.176603 0.000000 -0.250114 0.918863 1.808615 0.903460 -0.250114 
0.000000 0.000000 0.172844 0.547972 1.156961 0.595281 -0.172844 0.000000 -0.244269 0.963423 1.791175 0.841459 -0.244269 
0.000000 0.000000 0.168460 0.530605 1.134838 0.590525 -0.168460 0.000000 -0.237496 1.002944 1.768850 0.779614 -0.237496 
0.000000 0.000000 0.163477 0.512862 1.112447 0.585877 -0.163477 0.000000 -0.229771 1.036540 1.741618 0.718786 -0.229771 
0.000000 0.000000 0.157918 0.494653 1.089705 0.581344 -0.157918 0.000000 -0.221104 1.063593 1.709711 0.659826 -0.221104 
0.000000 0.000000 0.151812 0.475886 1.066512 0.576918 -0.151812 0.000000 -0.211537 1.083781 1.673591 0.603518 -0.211537 
0.000000 0.000000 0.145186 0.456472 1.042755 0.572575 -0.145186 0.000000 -0.201147 1.097081 1.633921 0.550548 -0.201147 
0.000000 0.000000 0.138071 0.436321 1.018301 0.568272 -0.138071 0.000000 -0.190039 1.103743 1.591519 0.501484 -0.190039 
0.000000 0.000000 0.130500 0.415342 0.993000 0.563951 -0.130500 0.000000 -0.178335 1.104250 1.547321 0.456779 -0.178335 
0.000000 0.000000 0.122505 0.393444 0.966682 0.559530 -0.122505 0.000000 -0.166166 1.099266 1.502336 0.416778 -0.166166 
0.000000 0.000000 0.114122 0.370535 0.939154 0.554911 -0.114122 0.000000 -0.153664 1.089574 1.457606 0.381741 -0.153664 
0.000000 0.000000 0.105387 0.346518 0.910197 0.549972 -0.105387 0.000000 -0.140946 1.076027 1.414166 0.351846 -0.140946 
0.000000 0.000000 0.096338 0.321290 0.879564 0.544566 -0.096338 0.000000 -0.128115 1.059492 1.372992 0.327208 -0.128115 
0.000000 0.000000 0.087013 0.294740 0.846968 0.538521 -0.087013 0.000000 -0.115252 1.040796 1.334955 0.307867 -0.115252 
0.000000 0.000000 0.077453 0.266737 0.812077 0.531632 -0.077453 0.000000 -0.102416 1.020690 1.300764 0.293782 -0.102416 
0.000000 0.000000 0.067697 0.237129 0.774494 0.523657 -0.067697 0.000000 -0.089646 0.999801 1.270906 0.284812 -0.089646 
0.000000 0.000000 0.057787 0.205722 0.733729 0.514299 -0.057787 0.000000 -0.076965 0.978610 1.245596 0.280694 -0.076965 
0.000000 0.000000 0.047764 0.172259 0.689159 0.503192 -0.047764 0.000000 -0.064381 0.957431 1.224746 0.281023 -0.064381 
0.000000 0.000000 0.037926 0.154835 0.679189 0.510646 -0.037926 0.000000 -0.052326 0.949271 1.228676 0.293113 -0.052326 
0.000000 0.000000 0.027920 0.136313 0.667372 0.517351 -0.027920 0.000000 -0.040170 0.941228 1.236245 0.308725 -0.040170 
0.000000 0.000000 0.017787 0.116706 0.653602 0.523188 -0.017787 0.000000 -0.027923 0.933112 1.246389 0.326985 -0.027923 
0.000000 0.000000 0.007571 0.096033 0.637779 0.528038 -0.007571 0.000000 -0.015603 0.924693 1.257916 0.346931 -0.015603 
0.000000 0.000000 -0.002688 0.074312 0.619802 0.531782 0.002688 0.000000 -0.003240 0.915749 1.269588 0.367546 -0.003240 
0.000000 0.000000 -0.012946 0.051564 0.599574 0.534302 0.012946 0.000000 0.009124 0.906143 1.280388 0.387952 0.009124 
0.000000 0.000000 -0.023161 0.027801 0.576986 0.535477 0.023161 0.000000 0.021436 0.895906 1.290092 0.407893 0.021436 
0.000000 0.000000 -0.033291 0.003024 0.551914 0.535182 0.033291 0.000000 0.033644 0.885117 1.298684 0.427275 0.033644 
0.000000 0.000000 -0.043293 -0.022785 0.524206 0.533283 0.043293 0.000000 0.045697 0.873863 1.306167 0.446011 0.045697 
0.000000 0.000000 -0.053127 -0.049677 0.493652 0.529621 0.053127 0.000000 0.057545 0.862237 1.312557 0.464028 0.057545 
0.000000 0.000000 -0.063511 -0.037251 0.547624 0.571168 0.063511 0.000000 0.069136 0.850337 1.317889 0.481260 0.069136 
0.000000 0.000000 -0.073938 -0.025350 0.599876 0.611518 0.073938 0.000000 0.080426 0.838262 1.322211 0.497656 0.080426 
0.000000 0.000000 -0.084439 -0.011514 0.654894 0.652700 0.084439 0.000000 0.091366 0.826114 1.325586 0.513180 0.091366 
0.000000 0.000000 -0.095058 0.005783 0.715336 0.695845 0.095058 0.000000 0.101914 0.813988 1.328085 0.527805 0.101914 
0.000000 0.000000 -0.105855 0.027337 0.782394 0.741349 0.105855 0.000000 0.112029 0.801976 1.329792 0.541524 0.112029 
0.000000 0.000000 -0.116892 0.053393 0.856119 0.789018 0.116892 0.000000 0.121670 0.790164 1.330795 0.554339 0.121670 
0.000000 0.000000 -0.128224 0.083834 0.935761 0.838220 0.128224 0.000000 0.130802 0.778628 1.331188 0.566268 0.130802 
0.000000 0.000000 -0.139894 0.118354 1.020078 0.888017 0.139894 0.000000 0.139390 0.767435 1.331068 0.577341 0.139390 
0.000000 0.000000 -0.151915 0.156590 1.107578 0.937280 0.151915 0.000000 0.147403 0.756639 1.330532 0.587600 0.147403 
0.000000 0.000000 -0.164265 0.198217 1.196687 0.984762 0.164265 0.000000 0.154813 0.746284 1.329674 0.597098 0.154813 
0.000000 0.000000 -0.176874 0.242996 1.285857 1.029154 0.176874 0.000000 0.161594 0.736400 1.328589 0.605897 0.161594 
0.000000 0.000000 -0.189620 0.290797 1.373625 1.069121 0.189620 0.000000 0.167721 0.727004 1.327363 0.614066 0.167721 
0.000000 0.000000 -0.202321 0.341588 1.458643 1.103347 0.202321 0.000000 0.173176 0.718102 1.326077 0.621683 0.173176 
0.000000 0.000000 -0.214744 0.395408 1.539694 1.130578 0.214744 0.000000 0.177938 0.709686 1.324807 0.628828 0.177938 
0.000000 0.000000 -0.226614 0.452313 1.615703 1.149682 0.226614 0.000000 0.181994 0.701735 1.323617 0.635589 0.181994 
0.000000 0.000000 -0.235316 0.507311 1.669954 1.148935 0.235316 0.000000 0.183856 0.683903 1.302352 0.632157 0.183856 
0.000000 0.000000 -0.242625 0.565150 1.717992 1.139134 0.242625 0.000000 0.184970 0.666428 1.280990 0.628269 0.184970 
0.000000 0.000000 -0.248359 0.625203 1.759011 1.120100 0.248359 0.000000 0.185347 0.649246 1.259554 0.624016 0.185347 
0.000000 0.000000 -0.252424 0.686674 1.792526 1.092144 0.252424 0.000000 0.184996 0.632285 1.238063 0.619486 0.184996 
0.000000 0.000000 -0.254823 0.748643 1.818414 1.056063 0.254823 0.000000 0.183931 0.615467 1.216520 0.614761 0.183931 
0.000000 0.000000 -0.255652 0.810157 1.836959 1.013094 0.255652 0.000000 0.182166 0.598712 1.194920 0.609915 0.182166 
0.000000 0.000000 -0.255079 0.870347 1.848856 0.964802 0.255079 0.000000 0.179718 0.581936 1.173245 0.605017 0.179718 
0.000000 0.000000 -0.250114 0.918863 1.836031 0.903460 0.250114 0.000000 0.176603 0.565052 1.151468 0.600124 0.176603 
0.000000 0.000000 -0.244269 0.963423 1.818590 0.841459 0.244269 0.000000 0.172844 0.547972 1.129545 0.595281 0.172844 
0.000000 0.000000 -0.237496 1.002944 1.796266 0.779614 0.237496 0.000000 0.168460 0.530605 1.107423 0.590525 0.168460 
0.000000 0.000000 -0.229771 1.036540 1.769034 0.718786 0.229771 0.000000 0.163477 0.512862 1.085032 0.585877 0.163477 
0.000000 0.000000 -0.221104 1.063593 1.737126 0.659826 0.221104 0.000000 0.157918 0.494653 1.062289 0.581344 0.157918 
0.000000 0.000000 -0.211537 1.083781 1.701007 0.603518 0.211537 0.000000 0.151812 0.475886 1.039097 0.576918 0.151812 
0.000000 0.000000 -0.201147 1.097081 1.661336 0.550548 0.201147 0.000000 0.145186 0.456472 1.015339 0.572575 0.145186 
0.000000 0.000000 -0.190039 1.103743 1.618935 0.501484 0.190039 0.000000 0.138071 0.436321 0.990886 0.568272 0.138071 
0.000000 0.000000 -0.178335 1.104250 1.574737 0.456779 0.178335 0.000000 0.130500 0.415342 0.965585 0.563951 0.130500 
0.000000 0.000000 -0.166166 1.099266 1.529752 0.416778 0.166166 0.000000 0.122505 0.393444 0.939266 0.559530 0.122505 
0.000000 0.000000 -0.153664 1.089574 1.485022 0.381741 0.153664 0.000000 0.114122 0.370535 0.911738 0.554911 0.114122 
0.000000 0.000000 -0.140946 1.076027 1.441581 0.351846 0.140946 0.000000 0.105387 0.346518 0.882782 0.549972 0.105387 
0.000000 0.000000 -0.128115 1.059492 1.400407 0.327208 0.128115 0.000000 0.096338 0.321290 0.852148 0.544566 0.096338 
0.000000 0.000000 -0.115252 1.040796 1.362371 0.307867 0.115252 0.000000 0.087013 0.294740 0.819553 0.538521 0.087013 
0.000000 0.000000 -0.102416 1.020690 1.328180 0.293782 0.102416 0.000000 0.077453 0.266737 0.784662 0.531632 0.077453 
0.000000 0.000000 -0.089646 0.999801 1.298321 0.284812 0.089646 0.000000 0.067697 0.237129 0.747078 0.523657 0.067697 
0.000000 0.000000 -0.076965 0.978610 1.273012 0.280694 0.076965 0.000000 0.057787 0.205722 0.706313 0.514299 0.057787 
0.000000 0.000000 -0.064381 0.957431 1.252162 0.281023 0.064381 0.000000 0.047764 0.172259 0.661743 0.503192 0.047764 
0.000000 0.000000 -0.052326 0.949271 1.256092 0.293113 0.052326 0.000000 0.037926 0.154835 0.651773 0.510646 0.037926 
0.000000 0.000000 -0.040170 0.941228 1.263660 0.308725 0.040170 0.000000 0.027920 0.136313 0.639956 0.517351 0.027920 
0.000000 0.000000 -0.027923 0.933112 1.273805 0.326985 0.027923 0.000000 0.017787 0.116706 0.626187 0.523188 0.017787 
0.000000 0.000000 -0.015603 0.924693 1.285332 0.346931 0.015603 0.000000 0.007571 0.096033 0.610363 0.528038 0.007571 
0.000000 0.000000 -0.003240 0.915749 1.297004 0.367546 0.003240 0.000000 -0.002688 0.074312 0.592387 0.531782 -0.002688 
0.000000 0.000000 0.009124 0.906143 1.307803 0.387952 -0.009124 0.000000 -0.012946 0.051564 0.572158 0.534302 -0.012946 
0.000000 0.000000 0.021436 0.895906 1.317507 0.407893 -0.021436 0.000000 -0.023161 0.027801 0.549570 0.535477 -0.023161 
0.000000 0.000000 0.033644 0.885117 1.326100 0.427275 -0.033644 0.000000 -0.033291 0.003024 0.524499 0.535182 -0.033291 
0.000000 0.000000 0.045697 0.873863 1.333582 0.446011 -0.045697 0.000000 -0.043293 -0.022785 0.496790 0.533283 -0.043293 
0.000000 0.000000 0.057545 0.862237 1.339972 0.464028 -0.057545 0.000000 -0.053127 -0.049677 0.466237 0.529621 -0.053127 
0.000000 0.000000 0.069136 0.850337 1.345304 0.481260 -0.069136 0.000000 -0.063511 -0.037251 0.520209 0.571168 -0.063511 
0.000000 0.000000 0.080426 0.838262 1.349627 0.497656 -0.080426 0.000000 -0.073938 -0.025350 0.572461 0.611518 -0.073938 
0.000000 0.000000 0.091366 0.826114 1.353001 0.513180 -0.091366 0.000000 -0.084439 -0.011514 0.627478 0.652700 -0.084439 
0.000000 0.000000 0.101914 0.813988 1.355501 0.527805 -0.101914 0.000000 -0.095058 0.005783 0.687920 0.695845 -0.095058 
0.000000 0.000000 0.112029 0.801976 1.357208 0.541524 -0.112029 0.000000 -0.105855 0.027337 0.754978 0.741349 -0.105855 
0.000000 0.000000 0.121670 0.790164 1.358211 0.554339 -0.121670 0.000000 -0.116892 0.053393 0.828703 0.789018 -0.116892 
0.000000 0.000000 0.130802 0.778628 1.358604 0.566268 -0.130802 0.000000 -0.128224 0.083834 0.908346 0.838220 -0.128224 
0.000000 0.000000 0.139390 0.767435 1.358484 0.577341 -0.139390 0.000000 -0.139894 0.118354 0.992663 0.888017 -0.139894 
0.000000 0.000000 0.147403 0.756639 1.357947 0.587600 -0.147403 0.000000 -0.151915 0.156590 1.080162 0.937280 -0.151915 
0.000000 0.000000 0.154813 0.746284 1.357090 0.597098 -0.154813 0.000000 -0.164265 0.198217 1.169272 0.984762 -0.164265 
0.000000 0.000000 0.161594 0.736400 1.356004 0.605897 -0.161594 0.000000 -0.176874 0.242996 1.258442 1.029154 -0.176874 
0.000000 0.000000 0.167721 0.727004 1.354778 0.614066 -0.167721 0.000000 -0.189620 0.290797 1.346210 1.069121 -0.189620 
0.000000 0.000000 0.173176 0.718102 1.353493 0.621683 -0.173176 0.000000 -0.202321 0.341588 1.431227 1.103347 -0.202321 
0.000000 0.000000 0.177938 0.709686 1.352222 0.628828 -0.177938 0.000000 -0.214744 0.395408 1.512279 1.130578 -0.214744 
0.000000 0.000000 0.181994 0.701735 1.351032 0.635589 -0.181994 0.000000 -0.226614 0.452313 1.588288 1.149682 -0.226614 
0.000000 0.000000 0.183856 0.683903 1.329768 0.632157 -0.183856 0.000000 -0.235316 0.507311 1.642539 1.148935 -0.235316 
0.000000 0.000000 0.184970 0.666428 1.308405 0.628269 -0.184970 0.000000 -0.242625 0.565150 1.690576 1.139134 -0.242625 
0.000000 0.000000 0.185347 0.649246 1.286970 0.624016 -0.185347 0.000000 -0.248359 0.625203 1.731596 1.120100 -0.248359 
0.000000 0.000000 0.184996 0.632285 1.265478 0.619486 -0.184996 0.000000 -0.252424 0.686674 1.765110 1.092144 -0.252424 
0.000000 0.000000 0.183931 0.615467 1.243935 0.614761 -0.183931 0.000000 -0.254823 0.748643 1.790998 1.056063 -0.254823 
0.000000 0.000000 0.182166 0.598712 1.222335 0.609915 -0.182166 0.000000 -0.255652 0.810157 1.809543 1.013094 -0.255652 
0.000000 0.000000 0.179718 0.581936 1.200661 0.605017 -0.179718 0.000000 -0.255079 0.870347 1.821441 0.964802 -0.255079 
0.000000 0.000000 0.176603 0.565052 1.178883 0.600124 -0.176603 0.000000 -0.250114 0.918863 1.808615 0.903460 -0.250114 
0.000000 0.000000 0.172844 0.547972 1.156961 0.595281 -0.172844 0.000000 -0.244269 0.963423 1.791175 0.841459 -0.244269 
0.000000 0.000000 0.168460 0.530605 1.134838 0.590525 -0.168460 0.000000 -0.237496 1.002944 1.768850 0.779614 -0.237496 
0.000000 0.000000 0.163477 0.512862 1.112447 0.585877 -0.163477 0.000000 -0.229771 1.036540 1.741618 0.718786 -0.229771 
0.000000 0.000000 0.157918 0.494653 1.089705 0.581344 -0.157918 0.000000 -0.221104 1.063593 1.709711 0.659826 -0.221104 
0.000000 0.000000 0.151812 0.475886 1.066512 0.576918 -0.151812 0.000000 -0.211537 1.083781 1.673591 0.603518 -0.211537 
0.000000 0.000000 0.145186 0.456472 1.042755 0.572575 -0.145186 0.000000 -0.201147 1.097081 1.633921 0.550548 -0.201147 
0.000000 0.000000 0.138071 0.436321 1.018301 0.568272 -0.138071 0.000000 -0.190039 1.103743 1.591519 0.501484 -0.190039 
0.000000 0.000000 0.130500 0.415342 0.993000 0.563951 -0.130500 0.000000 -0.178335 1.104250 1.547321 0.456779 -0.178335 
0.000000 0.000000 0.122505 0.393444 0.966682 0.559530 -0.122505 0.000000 -0.166166 1.099266 1.502336 0.416778 -0.166166 
0.000000 0.000000 0.114122 0.370535 0.939154 0.554911 -0.114122 0.000000 -0.153664 1.089574 1.457606 0.381741 -0.153664 
0.000000 0.000000 0.105387 0.346518 0.910197 0.549972 -0.105387 0.000000 -0.140946 1.076027 1.414166 0.351846 -0.140946 
0.000000 0.000000 0.096338 0.321290 0.879564 0.544566 -0.096338 0.000000 -0.128115 1.059492 1.372992 0.327208 -0.128115 
0.000000 0.000000 0.087013 0.294740 0.846968 0.538521 -0.087013 0.000000 -0.115252 1.040796 1.334955 0.307867 -0.115252 
0.000000 0.000000 0.077453 0.266737 0.812077 0.531632 -0.077453 0.000000 -0.102416 1.020690 1.300764 0.293782 -0.102416 
0.000000 0.000000 0.067697 0.237129 0.774494 0.523657 -0.067697 0.000000 -0.089646 0.999801 1.270906 0.284812 -0.089646 
0.000000 0.000000 0.057787 0.205722 0.733729 0.514299 -0.057787 0.000000 -0.076965 0.978610 1.245596 0.280694 -0.076965 
0.000000 0.000000 0.047764 0.172259 0.689159 0.503192 -0.047764 0.000000 -0.064381 0.957431 1.224746 0.281023 -0.064381 
0.000000 0.000000 0.037926 0.154835 0.679189 0.510646 -0.037926 0.000000 -0.052326 0.949271 1.228676 0.293113 -0.052326 
0.000000 0.000000 0.027920 0.136313 0.667372 0.517351 -0.027920 0.000000 -0.040170 0.941228 1.236245 0.308725 -0.040170 
0.000000 0.000000 0.017787 0.116706 0.653602 0.523188 -0.017787 0.000000 -0.027923 0.933112 1.246389 0.326985 -0.027923 
0.000000 0.000000 0.007571 0.096033 0.637779 0.528038 -0.007571 0.000000 -0.015603 0.924693 1.257916 0.346931 -0.015603 
0.000000 0.000000 -0.002688 0.074312 0.619802 0.531782 0.002688 0.000000 -0.003240 0.915749 1.269588 0.367546 -0.003240 
0.000000 0.000000 -0.012946 0.051564 0.599574 0.534302 0.012946 0.000000 0.009124 0.906143 1.280388 0.387952 0.009124 
0.000000 0.000000 -0.023161 0.027801 0.576986 0.535477 0.023161 0.000000 0.021436 0.895906 1.290092 0.407893 0.021436 
0.000000 0.000000 -0.033291 0.003024 0.551914 0.535182 0.033291 0.000000 0.033644 0.885117 1.298684 0.427275 0.033644 
0.000000 0.000000 -0.043293 -0.022785 0.524206 0.533283 0.043293 0.000000 0.045697 0.873863 1.306167 0.446011 0.045697 
0.000000 0.000000 -0.053127 -0.049677 0.493652 0.529621 0.053127 0.000000 0.057545 0.862237 1.312557 0.464028 0.057545 
0.000000 0.000000 -0.063057 -0.060374 0.497384 0.544050 0.063057 0.000000 0.069136 0.850337 1.317889 0.481260 0.069136 
0.000000 0.000000 -0.072878 -0.068830 0.504922 0.560044 0.072878 0.000000 0.080426 0.838262 1.322211 0.497656 0.080426 
0.000000 0.000000 -0.082613 -0.072783 0.520731 0.579807 0.082613 0.000000 0.091366 0.826114 1.325586 0.513180 0.091366 
0.000000 0.000000 -0.092301 -0.070694 0.547855 0.604841 0.092301 0.000000 0.101914 0.813988 1.328085 0.527805 0.101914 
0.000000 0.000000 -0.101989 -0.061980 0.587407 0.635680 0.101989 0.000000 0.112029 0.801976 1.329792 0.541524 0.112029 
0.000000 0.000000 -0.111722 -0.046966 0.638654 0.671912 0.111722 0.000000 0.121670 0.790164 1.330795 0.554339 0.121670 
0.000000 0.000000 -0.121534 -0.026575 0.699593 0.712461 0.121534 0.000000 0.130802 0.778628 1.331188 0.566268 0.130802 
0.000000 0.000000 -0.131444 -0.001977 0.767649 0.755918 0.131444 0.000000 0.139390 0.767435 1.331068 0.577341 0.139390 
0.000000 0.000000 -0.141440 0.025671 0.840169 0.800790 0.141440 0.000000 0.147403 0.756639 1.330532 0.587600 0.147403 
0.000000 0.000000 -0.151479 0.055363 0.914705 0.845635 0.151479 0.000000 0.154813 0.746284 1.329674 0.597098 0.154813 
0.000000 0.000000 -0.161479 0.086292 0.989122 0.889121 0.161479 0.000000 0.161594 0.736400 1.328589 0.605897 0.161594 
0.000000 0.000000 -0.171313 0.117857 1.061623 0.930058 0.171313 0.000000 0.167721 0.727004 1.327363 0.614066 0.167721 
0.000000 0.000000 -0.180818 0.149636 1.130752 0.967408 0.180818 0.000000 0.173176 0.718102 1.326077 0.621683 0.173176 
0.000000 0.000000 -0.189799 0.181357 1.195379 1.000314 0.189799 0.000000 0.177938 0.709686 1.324807 0.628828 0.177938 
0.000000 0.000000 -0.198043 0.212857 1.254685 1.028121 0.198043 0.000000 0.181994 0.701735 1.323617 0.635589 0.181994 
0.000000 0.000000 -0.203599 0.237544 1.289118 1.037866 0.203599 0.000000 0.183856 0.683903 1.302352 0.632157 0.183856 
0.000000 0.000000 -0.207900 0.262248 1.318354 1.042398 0.207900 0.000000 0.184970 0.666428 1.280990 0.628269 0.184970 
0.000000 0.000000 -0.210857 0.286687 1.342138 1.041744 0.210857 0.000000 0.185347 0.649246 1.259554 0.624016 0.185347 
0.000000 0.000000 -0.212451 0.310623 1.360576 1.036244 0.212451 0.000000 0.184996 0.632285 1.238063 0.619486 0.184996 
0.000000 0.000000 -0.212727 0.333880 1.374130 1.026542 0.212727 0.000000 0.183931 0.615467 1.216520 0.614761 0.183931 
0.000000 0.000000 -0.211795 0.364824 1.388545 1.010013 0.211795 0.000000 0.182166 0.604684 1.194971 0.603994 0.182166 
0.000000 0.000000 -0.209804 0.394876 1.399342 0.990758 0.209804 0.000000 0.179718 0.593918 1.173455 0.593244 0.179718 
0.000000 0.000000 -0.206055 0.420649 1.398593 0.964236 0.206055 0.000000 0.176603 0.583159 1.151952 0.582501 0.176603 
0.000000 0.000000 -0.201547 0.445337 1.395938 0.936894 0.201547 0.000000 0.172844 0.572395 1.130439 0.571751 0.172844 
0.000000 0.000000 -0.196229 0.468210 1.390300 0.908382 0.196229 0.000000 0.168460 0.561609 1.108882 0.560981 0.168460 
0.000000 0.000000 -0.190074 0.488550 1.380702 0.878444 0.190074 0.000000 0.163477 0.550782 1.087243 0.550169 0.163477 
0.000000 0.000000 -0.183083 0.505695 1.366342 0.846940 0.183083 0.000000 0.157918 0.539892 1.065477 0.539293 0.157918 
0.000000 0.000000 -0.175294 0.519076 1.346640 0.813857 0.175294 0.000000 0.151812 0.528911 1.043530 0.528327 0.151812 
0.000000 0.000000 -0.166774 0.528255 1.321259 0.779296 0.166774 0.000000 0.145186 0.517809 1.021341 0.517240 0.145186 
0.000000 0.000000 -0.157615 0.532954 1.290119 0.743458 0.157615 0.000000 0.138071 0.506553 0.998844 0.505999 0.138071 
0.000000 0.000000 -0.147931 0.533069 1.253399 0.706622 0.147931 0.000000 0.130500 0.495105 0.975964 0.494566 0.130500 
0.000000 0.000000 -0.137842 0.528679 1.211520 0.669133 0.137842 0.000000 0.122505 0.483424 0.952616 0.482900 0.122505 
0.000000 0.000000 -0.127465 0.520039 1.165124 0.631377 0.127465 0.000000 0.114122 0.471464 0.928711 0.470955 0.114122 
0.000000 0.000000 -0.116907 0.507564 1.115044 0.593772 0.116907 0.000000 0.105387 0.459174 0.904147 0.458680 0.105387 
0.000000 0.000000 -0.106261 0.491798 1.062264 0.556758 0.106261 0.000000 0.096338 0.446500 0.878814 0.446022 0.096338 
0.000000 0.000000 -0.095597 0.473383 1.007866 0.520775 0.095597 0.000000 0.087013 0.433380 0.852591 0.432918 0.087013 
0.000000 0.000000 -0.084964 0.453019 0.952976 0.486250 0.084964 0.000000 0.077453 0.419747 0.825341 0.419302 0.077453 
0.000000 0.000000 -0.074394 0.431410 0.898686 0.453568 0.074394 0.000000 0.067697 0.405525 0.796914 0.405096 0.067697 
0.000000 0.000000 -0.063901 0.409217 0.845960 0.423036 0.063901 0.000000 0.057787 0.390627 0.767136 0.390216 0.057787 
0.000000 0.000000 -0.053489 0.386993 0.795534 0.394833 0.053489 0.000000 0.047764 0.374954 0.735807 0.374561 0.047764 
0.000000 0.000000 -0.043449 0.382355 0.782266 0.386202 0.043449 0.000000 0.037926 0.376025 0.737948 0.375631 0.037926 
0.000000 0.000000 -0.033343 0.379467 0.774044 0.380870 0.033343 0.000000 0.027920 0.376860 0.739616 0.376464 0.027920 
0.000000 0.000000 -0.023172 0.378087 0.770021 0.378226 0.023172 0.000000 0.017787 0.377445 0.740786 0.377049 0.017787 
0.000000 0.000000 -0.012947 0.377750 0.768878 0.377420 0.012947 0.000000 0.007571 0.377772 0.741440 0.377376 0.007571 
0.000000 0.000000 -0.002688 0.377835 0.768982 0.377439 0.002688 0.000000 -0.002688 0.377835 0.741566 0.377439 -0.002688 
0.000000 0.000000 -0.002688 0.377835 0.768982 0.377439 0.002688 0.000000 -0.002688 0.377835 0.741566 0.377439 -0.002688 
0.000000 0.000000 -0.002688 0.377835 0.768982 0.377439 0.002688 0.000000 -0.002688 0.377835 0.741566 0.377439 -0.002688 
0.000000 0.000000 -0.002688 0.377835 0.768982 0.377439 0.002688 0.000000 -0.002688 0.377835 0.741566 0.377439 -0.002688 
0.000000 0.000000 -0.002688 0.377835 0.768982 0.377439 0.002688 0.000000 -0.002688 0.377835 0.741566 0.377439 -0.002688 
0.000000 0.000000 -0.002688 0.377835 0.768982 0.377439 0.002688 0.000000 -0.002688 0.377835 0.741566 0.377439 -0.002688 
0.000000 0.000000 -0.002688 0.377835 0.768982 0.377439 0.002688 0.000000 -0.002688 0.377835 0.741566 0.377439 -0.002688 
0.000000 0.000000 -0.002688 0.377835 0.768982 0.377439 0.002688 0.000000 -0.002688 0.377835 0.741566 0.377439 -0.002688 
0.000000 0.000000 -0.002688 0.377835 0.768982 0.377439 0.002688 0.000000 -0.002688 0.377835 0.741566 0.377439 -0.002688 
0.000000 0.000000 -0.002688 0.377835 0.768982 0.377439 0.002688 0.000000 -0.002688 0.377835 0.741566 0.377439 -0.002688 
0.000000 0.000000 -0.002688 0.377835 0.768982 0.377439 0.002688 0.000000 -0.002688 0.377835 0.741566 0.377439 -0.002688 
0.000000 0.000000 -0.002688 0.377835 0.768982 0.377439 0.002688 0.000000 -0.002688 0.377835 0.741566 0.377439 -0.002688 
0.000000 0.000000 -0.002688 0.377835 0.768982 0.377439 0.002688 0.000000 -0.002688 0.377835 0.741566 0.377439 -0.002688 
0.000000 0.000000 -0.002688 0.377835 0.768982 0.377439 0.002688 0.000000 -0.002688 0.377835 0.741566 0.377439 -0.002688 
0.000000 0.000000 -0.002688 0.377835 0.768982 0.377439 0.002688 0.000000 -0.002688 0.377835 0.741566 0.377439 -0.002688 
0.000000 0.000000 -0.002688 0.377835 0.768982 0.377439 0.002688 0.000000 -0.002688 0.377835 0.741566 0.377439 -0.002688 
0.000000 0.000000 -0.002688 0.377835 0.768982 0.377439 0.002688 0.000000 -0.002688 0.377835 0.741566 0.377439 -0.002688 
0.000000 0.000000 -0.002688 0.377835 0.768982 0.377439 0.002688 0.000000 -0.002688 0.377835 0.741566 0.377439 -0.002688 
0.000000 0.000000 -0.002688 0.377835 0.768982 0.377439 0.002688 0.000000 -0.002688 0.377835 0.741566 0.377439 -0.002688 
0.000000 0.000000 -0.002688 0.377835 0.768982 0.377439 0.002688 0.000000 -0.002688 0.377835 0.741566 0.377439 -0.002688 
0.000000 0.000000 -0.002688 0.377835 0.768982 0.377439 0.002688 0.000000 -0.002688 0.377835 0.741566 0.377439 -0.002688 
0.000000 0.000000 -0.002688 0.377835 0.768982 0.377439 0.002688 0.000000 -0.002688 0.377835 0.741566 0.377439 -0.002688 
0.000000 0.000000 -0.002688 0.377835 0.768982 0.377439 0.002688 0.000000 -0.002688 0.377835 0.741566 0.377439 -0.002688 
0.000000 0.000000 -0.002688 0.377835 0.768982 0.377439 0.002688 0.000000 -0.002688 0.377835 0.741566 0.377439 -0.002688 
0.000000 0.000000 -0.002688 0.377835 0.768982 0.377439 0.002688 0.000000 -0.002688 0.377835 0.741566 0.377439 -0.002688 
0.000000 0.000000 -0.002688 0.377835 0.768982 0.377439 0.002688 0.000000 -0.002688 0.377835 0.741566 0.377439 -0.002688 
0.000000 0.000000 -0.002688 0.377835 0.768982 0.377439 0.002688 0.000000 -0.002688 0.377835 0.741566 0.377439 -0.002688 
0.000000 0.000000 -0.002688 0.377835 0.768982 0.377439 0.002688 0.000000 -0.002688 0.377835 0.741566 0.377439 -0.002688 
0.000000 0.000000 -0.002688 0.377835 0.768982 0.377439 0.002688 0.000000 -0.002688 0.377835 0.741566 0.377439 -0.002688 
0.000000 0.000000 -0.002688 0.377835 0.768982 0.377439 0.002688 0.000000 -0.002688 0.377835 0.741566 0.377439 -0.002688 
0.000000 0.000000 -0.002688 0.377835 0.768982 0.377439 0.002688 0.000000 -0.002688 0.377835 0.741566 0.377439 -0.002688 
0.000000 0.000000 -0.002688 0.377835 0.768982 0.377439 0.002688 0.000000 -0.002688 0.377835 0.741566 0.377439 -0.002688 
0.000000 0.000000 -0.002688 0.377835 0.768982 0.377439 0.002688 0.000000 -0.002688 0.377835 0.741566 0.377439 -0.002688 
0.000000 0.000000 -0.002688 0.377835 0.768982 0.377439 0.002688 0.000000 -0.002688 0.377835 0.741566 0.377439 -0.002688 
0.000000 0.000000 -0.002688 0.377835 0.768982 0.377439 0.002688 0.000000 -0.002688 0.377835 0.741566 0.377439 -0.002688 
0.000000 0.000000 -0.002688 0.377835 0.768982 0.377439 0.002688 0.000000 -0.002688 0.377835 0.741566 0.377439 -0.002688 
0.000000 0.000000 -0.002688 0.377835 0.768982 0.377439 0.002688 0.000000 -0.002688 0.377835 0.741566 0.377439 -0.002688 
0.000000 0.000000 -0.002688 0.377835 0.768982 0.377439 0.002688 0.000000 -0.002688 0.377835 0.741566 0.377439 -0.002688 
0.000000 0.000000 -0.002688 0.377835 0.768982 0.377439 0.002688 0.000000 -0.002688 0.377835 0.741566 0.377439 -0.002688 
0.000000 0.000000 -0.002688 0.377835 0.768982 0.377439 0.002688 0.000000 -0.002688 0.377835 0.741566 0.377439 -0.002688 
0.000000 0.000000 -0.002688 0.377835 0.768982 0.377439 0.002688 0.000000 -0.002688 0.377835 0.741566 0.377439 -0.002688 
0.000000 0.000000 -0.002688 0.377835 0.768982 0.377439 0.002688 0.000000 -0.002688 0.377835 0.741566 0.377439 -0.002688 
0.000000 0.000000 -0.002688 0.377835 0.768982 0.377439 0.002688 0.000000 -0.002688 0.377835 0.741566 0.377439 -0.002688 
0.000000 0.000000 -0.002688 0.377835 0.768982 0.377439 0.002688 0.000000 -0.002688 0.377835 0.741566 0.377439 -0.002688 
0.000000 0.000000 -0.002688 0.377835 0.768982 0.377439 0.002688 0.000000 -0.002688 0.377835 0.741566 0.377439 -0.002688 
0.000000 0.000000 -0.002688 0.377835 0.768982 0.377439 0.002688 0.000000 -0.002688 0.377835 0.741566 0.377439 -0.002688 
0.000000 0.000000 -0.002688 0.377835 0.768982 0.377439 0.002688 0.000000 -0.002688 0.377835 0.741566 0.377439 -0.002688 
0.000000 0.000000 -0.002688 0.377835 0.768982 0.377439 0.002688 0.000000 -0.002688 0.377835 0.741566 0.377439 -0.002688 
0.000000 0.000000 -0.002688 0.377835 0.768982 0.377439 0.002688 0.000000 -0.002688 0.377835 0.741566 0.377439 -0.002688 
0.000000 0.000000 -0.002688 0.377835 0.768982 0.377439 0.002688 0.000000 -0.002688 0.377835 0.741566 0.377439 -0.002688 
0.000000 0.000000 -0.002688 0.377835 0.768982 0.377439 0.002688 0.000000 -0.002688 0.377835 0.741566 0.377439 -0.002688 
0.000000 0.000000 -0.002688 0.377835 0.768982 0.377439 0.002688 0.000000 -0.002688 0.377835 0.741566 0.377439 -0.002688 
0.000000 0.000000 -0.002688 0.377835 0.768982 0.377439 0.002688 0.000000 -0.002688 0.377835 0.741566 0.377439 -0.002688 
0.000000 0.000000 -0.002688 0.377835 0.768982 0.377439 0.002688 0.000000 -0.002688 0.377835 0.741566 0.377439 -0.002688 
0.000000 0.000000 -0.002688 0.377835 0.768982 0.377439 0.002688 0.000000 -0.002688 0.377835 0.741566 0.377439 -0.002688 
0.000000 0.000000 -0.002688 0.377835 0.768982 0.377439 0.002688 0.000000 -0.002688 0.377835 0.741566 0.377439 -0.002688 
0.000000 0.000000 -0.002688 0.377835 0.768982 0.377439 0.002688 0.000000 -0.002688 0.377835 0.741566 0.377439 -0.002688 
0.000000 0.000000 -0.002688 0.377835 0.768982 0.377439 0.002688 0.000000 -0.002688 0.377835 0.741566 0.377439 -0.002688 
0.000000 0.000000 -0.002688 0.377835 0.768982 0.377439 0.002688 0.000000 -0.002688 0.377835 0.741566 0.377439 -0.002688 
0.000000 0.000000 -0.002688 0.377835 0.768982 0.377439 0.002688 0.000000 -0.002688 0.377835 0.741566 0.377439 -0.002688 
0.000000 0.000000 -0.002688 0.377835 0.768982 0.377439 0.002688 0.000000 -0.002688 0.377835 0.741566 0.377439 -0.002688 
0.000000 0.000000 -0.002688 0.377835 0.768982 0.377439 0.002688 0.000000 -0.002688 0.377835 0.741566 0.377439 -0.002688 
0.000000 0.000000 -0.002688 0.377835 0.768982 0.377439 0.002688 0.000000 -0.002688 0.377835 0.741566 0.377439 -0.002688 
0.000000 0.000000 -0.002688 0.377835 0.768982 0.377439 0.002688 0.000000 -0.002688 0.377835 0.741566 0.377439 -0.002688 
0.000000 0.000000 -0.002688 0.377835 0.768982 0.377439 0.002688 0.000000 -0.002688 0.377835 0.741566 0.377439 -0.002688 
0.000000 0.000000 -0.002688 0.377835 0.768982 0.377439 0.002688 0.000000 -0.002688 0.377835 0.741566 0.377439 -0.002688 
0.000000 0.000000 -0.002688 0.377835 0.768982 0.377439 0.002688 0.000000 -0.002688 0.377835 0.741566 0.377439 -0.002688 
0.000000 0.000000 -0.002688 0.377835 0.768982 0.377439 0.002688 0.000000 -0.002688 0.377835 0.741566 0.377439 -0.002688 
0.000000 0.000000 -0.002688 0.377835 0.768982 0.377439 0.002688 0.000000 -0.002688 0.377835 0.741566 0.377439 -0.002688 
0.000000 0.000000 -0.002688 0.377835 0.768982 0.377439 0.002688 0.000000 -0.002688 0.377835 0.741566 0.377439 -0.002688 
0.000000 0.000000 -0.002688 0.377835 0.768982 0.377439 0.002688 0.000000 -0.002688 0.377835 0.741566 0.377439 -0.002688 
0.000000 0.000000 -0.002688 0.377835 0.768982 0.377439 0.002688 0.000000 -0.002688 0.377835 0.741566 0.377439 -0.002688 
0.000000 0.000000 -0.002688 0.377835 0.768982 0.377439 0.002688 0.000000 -0.002688 0.377835 0.741566 0.377439 -0.002688 
0.000000 0.000000 -0.002688 0.377835 0.768982 0.377439 0.002688 0.000000 -0.002688 0.377835 0.741566 0.377439 -0.002688 
0.000000 0.000000 -0.002688 0.377835 0.768982 0.377439 0.002688 0.000000 -0.002688 0.377835 0.741566 0.377439 -0.002688 
0.000000 0.000000 -0.002688 0.377835 0.768982 0.377439 0.002688 0.000000 -0.002688 0.377835 0.741566 0.377439 -0.002688 
0.000000 0.000000 -0.002688 0.377835 0.768982 0.377439 0.002688 0.000000 -0.002688 0.377835 0.741566 0.377439 -0.002688 
0.000000 0.000000 -0.002688 0.377835 0.768982 0.377439 0.002688 0.000000 -0.002688 0.377835 0.741566 0.377439 -0.002688 
0.000000 0.000000 -0.002688 0.377835 0.768982 0.377439 0.002688 0.000000 -0.002688 0.377835 0.741566 0.377439 -0.002688 
0.000000 0.000000 -0.002688 0.377835 0.768982 0.377439 0.002688 0.000000 -0.002688 0.377835 0.741566 0.377439 -0.002688 
0.000000 0.000000 -0.002688 0.377835 0.768982 0.377439 0.002688 0.000000 -0.002688 0.377835 0.741566 0.377439 -0.002688 
0.000000 0.000000 -0.002688 0.377835 0.768982 0.377439 0.002688 0.000000 -0.002688 0.377835 0.741566 0.377439 -0.002688 
0.000000 0.000000 -0.002688 0.377835 0.768982 0.377439 0.002688 0.000000 -0.002688 0.377835 0.741566 0.377439 -0.002688 
0.000000 0.000000 -0.002688 0.377835 0.768982 0.377439 0.002688 0.000000 -0.002688 0.377835 0.741566 0.377439 -0.002688 
0.000000 0.000000 -0.002688 0.377835 0.768982 0.377439 0.002688 0.000000 -0.002688 0.377835 0.741566 0.377439 -0.002688 
0.000000 0.000000 -0.002688 0.377835 0.768982 0.377439 0.002688 0.000000 -0.002688 0.377835 0.741566 0.377439 -0.002688 
0.000000 0.000000 -0.002688 0.377835 0.768982 0.377439 0.002688 0.000000 -0.002688 0.377835 0.741566 0.377439 -0.002688 
0.000000 0.000000 -0.002688 0.377835 0.768982 0.377439 0.002688 0.000000 -0.002688 0.377835 0.741566 0.377439 -0.002688 
0.000000 0.000000 -0.002688 0.377835 0.768982 0.377439 0.002688 0.000000 -0.002688 0.377835 0.741566 0.377439 -0.002688 
0.000000 0.000000 -0.002688 0.377835 0.768982 0.377439 0.002688 0.000000 -0.002688 0.377835 0.741566 0.377439 -0.002688 
0.000000 0.000000 -0.002688 0.377835 0.768982 0.377439 0.002688 0.000000 -0.002688 0.377835 0.741566 0.377439 -0.002688 
0.000000 0.000000 -0.002688 0.377835 0.768982 0.377439 0.002688 0.000000 -0.002688 0.377835 0.741566 0.377439 -0.002688 
0.000000 0.000000 -0.002688 0.377835 0.768982 0.377439 0.002688 0.000000 -0.002688 0.377835 0.741566 0.377439 -0.002688 
0.000000 0.000000 -0.002688 0.377835 0.768982 0.377439 0.002688 0.000000 -0.002688 0.377835 0.741566 0.377439 -0.002688 
0.000000 0.000000 -0.002688 0.377835 0.768982 0.377439 0.002688 0.000000 -0.002688 0.377835 0.741566 0.377439 -0.002688 
0.000000 0.000000 -0.002688 0.377835 0.768982 0.377439 0.002688 0.000000 -0.002688 0.377835 0.741566 0.377439 -0.002688 
0.000000 0.000000 -0.002688 0.377835 0.768982 0.377439 0.002688 0.000000 -0.002688 0.377835 0.741566 0.377439 -0.002688 
0.000000 0.000000 -0.002688 0.377835 0.768982 0.377439 0.002688 0.000000 -0.002688 0.377835 0.741566 0.377439 -0.002688 
0.000000 0.000000 -0.002688 0.377835 0.768982 0.377439 0.002688 0.000000 -0.002688 0.377835 0.741566 0.377439 -0.002688 
0.000000 0.000000 -0.002688 0.377835 0.768982 0.377439 0.002688 0.000000 -0.002688 0.377835 0.741566 0.377439 -0.002688 
0.000000 0.000000 -0.002688 0.377835 0.768982 0.377439 0.002688 0.000000 -0.002688 0.377835 0.741566 0.377439 -0.002688 
0.000000 0.000000 -0.002688 0.377835 0.768982 0.377439 0.002688 0.000000 -0.002688 0.377835 0.741566 0.377439 -0.002688 
0.000000 0.000000 -0.002688 0.377835 0.768982 0.377439 0.002688 0.000000 -0.002688 0.377835 0.741566 0.377439 -0.002688 
0.000000 0.000000 -0.002688 0.377835 0.768982 0.377439 0.002688 0.000000 -0.002688 0.377835 0.741566 0.377439 -0.002688 
0.000000 0.000000 -0.002688 0.377835 0.768982 0.377439 0.002688 0.000000 -0.002688 0.377835 0.741566 0.377439 -0.002688 
0.000000 0.000000 -0.002688 0.377835 0.768982 0.377439 0.002688 0.000000 -0.002688 0.377835 0.741566 0.377439 -0.002688 
